episode_id,function_id,seed,step_idx,tau,budget_used_before,budget_remaining_frac_before,strategy,F,CR,budget_frac_action,sampling_box_action,box_width_frac_initial,box_width_frac_final,box_at_floor,incumbent_in_box,n_stag_before,n_stag_after,segment_best_error,global_best_error_before,global_best_error_after,reward,done
0,7,900000,1,1.0,15000,0.95,rand/2/bin,0.421688973903656,0.012162823230028152,0.050000000000000544,0.25000120367221257,0.0495985709130764,0.06049095466732979,True,False,0,0,44.01849365234375,64.22906494140625,44.01849365234375,-1.6436351766697301,False
0,7,900000,2,1.0,30000,0.9,rand/2/bin,0.3019203245639801,0.6684525609016418,0.05000000000000009,2.9444786459207535,0.17247003316879272,0.1719762235879898,False,True,0,0,33.91455078125,44.01849365234375,33.91455078125,0.11324910759578177,False
0,7,900000,3,1.0,45000,0.85,rand/2/bin,0.33868855237960815,0.3991919159889221,0.05000000000719272,0.28687379439361393,0.05249873921275139,0.06597502529621124,True,False,0,0,17.33154296875,33.91455078125,17.33154296875,0.2915488406169817,False
0,7,900000,4,1.0,60000,0.8,rand/1/bin,0.3490840196609497,0.5213719606399536,0.050000001845052516,2.6729312390089035,0.1763100028038025,0.06300795823335648,False,True,0,0,13.68896484375,17.33154296875,13.68896484375,0.10246662000898765,False
0,7,900000,5,1.0,75000,0.75,rand/2/bin,0.30492958426475525,0.5195233821868896,0.0500000392769433,0.9703580364584923,0.06173146143555641,0.03676624596118927,True,True,0,0,6.57562255859375,13.68896484375,6.57562255859375,0.3184337310877041,False
0,7,900000,6,1.0,90000,0.7,rand/2/bin,0.20306900143623352,0.43767204880714417,0.050000002109150454,0.6734874583780766,0.04169999808073044,0.011658941395580769,True,True,0,0,1.85528564453125,6.57562255859375,1.85528564453125,0.5495260908293342,False
0,7,900000,7,1.0,105000,0.65,rand/2/bin,0.13846126198768616,0.4248048961162567,0.050000000000005755,1.64645716547966,0.04170000180602074,0.0008537902031093836,True,True,0,0,0.134033203125,1.85528564453125,0.134033203125,1.1411983576466171,False
0,7,900000,8,1.0,120000,0.6,best/1/bin,0.6913169622421265,0.7321569919586182,0.050000000001445825,0.2562393678817898,0.041700005531311035,0.0018973078113049269,True,True,0,1,0.4317626953125,0.134033203125,0.134033203125,0.0,False
0,7,900000,9,1.0,135000,0.55,rand/2/bin,0.23865558207035065,0.6706503629684448,0.05000000163410176,1.1255234405398369,0.04170000180602074,0.000973561021964997,True,True,1,2,0.144775390625,0.134033203125,0.134033203125,0.0,False
0,7,900000,10,1.0,150000,0.5,best/1/bin,0.4556860029697418,0.4573473632335663,0.05000000000019889,1.5075596943497658,0.04170000180602074,3.7015513953519985e-05,True,True,2,3,0.22412109375,0.134033203125,0.134033203125,0.0,False
0,7,900000,11,1.0,165000,0.45,rand/2/bin,0.18395797908306122,0.5746628642082214,0.050000000021161076,1.9515394866466522,0.04169999808073044,0.00043175893370062113,True,True,3,0,0.0692138671875,0.134033203125,0.0692138671875,0.18701925087643287,False
0,7,900000,12,1.0,180000,0.4,rand/2/bin,0.15177910029888153,0.5295221209526062,0.050000000073455904,0.6795821040868759,0.04169999808073044,0.0005033232155255973,True,True,0,1,0.09130859375,0.0692138671875,0.0692138671875,0.0,False
0,7,900000,13,1.0,195000,0.35,best/1/bin,0.4953092932701111,0.36293625831604004,0.05000000025201549,1.7438890486955643,0.04170000180602074,0.0004186710575595498,True,True,1,2,0.1085205078125,0.0692138671875,0.0692138671875,0.0,False
0,7,900000,14,1.0,210000,0.3,best/1/bin,0.5536236763000488,0.3688047528266907,0.05000000000012382,0.5586673393845558,0.041700005531311035,0.008724343031644821,True,True,2,3,0.6219482421875,0.0692138671875,0.0692138671875,0.0,False
0,7,900000,15,1.0,225000,0.25,current-to-best/1/bin,0.7244337201118469,0.45364877581596375,0.0500000000033758,2.2161927223205566,0.041729751974344254,0.00774883758276701,True,True,3,4,0.906494140625,0.0692138671875,0.0692138671875,0.0,False
0,7,900000,16,1.0,240000,0.2,rand/2/bin,0.18405067920684814,0.660007119178772,0.05000000000001716,0.27844736399129033,0.041700005531311035,0.0006800309056416154,True,True,4,5,0.12109375,0.0692138671875,0.0692138671875,0.0,False
0,7,900000,17,1.0,255000,0.15,current-to-best/1/bin,0.8684174418449402,0.5271851420402527,0.050000000000000024,1.7311156541109085,0.041700005531311035,0.02786201238632202,True,True,5,6,4.3271484375,0.0692138671875,0.0692138671875,0.0,False
0,7,900000,18,1.0,270000,0.1,rand/1/bin,0.2766474485397339,0.6311410069465637,0.050000000006657726,0.8639887273311615,0.04169999808073044,0.0009421345894224942,True,True,6,7,0.18206787109375,0.0692138671875,0.0692138671875,0.0,False
0,7,900000,19,1.0,285000,0.05,current-to-best/1/bin,0.9144511222839355,0.44047340750694275,0.05000000000000001,1.2880956530570984,0.04169999808073044,0.041722457855939865,True,True,7,8,5.8399658203125,0.0692138671875,0.0692138671875,0.0,True
1,7,900001,1,1.0,15000,0.95,rand/2/bin,0.4283718764781952,0.00378008303232491,0.05000000000060856,0.25000990599363604,0.05686456710100174,0.07161498814821243,True,False,0,0,41.466796875,68.7108154296875,41.466796875,-1.6177004894538227,False
1,7,900001,2,1.0,30000,0.9,rand/2/bin,0.2603037655353546,0.6043310165405273,0.050000000000000204,2.9201948046684265,0.20548678934574127,0.12320374697446823,False,True,0,0,31.994384765625,41.466796875,31.994384765625,0.11262672597606316,False
1,7,900001,3,1.0,45000,0.85,rand/1/bin,0.26987481117248535,0.5459684133529663,0.050000000000451954,1.29222059994936,0.1585385650396347,0.02871200256049633,False,True,0,0,9.14697265625,31.994384765625,9.14697265625,0.5437963821859307,False
1,7,900001,4,1.0,60000,0.8,rand/1/bin,0.2802828252315521,0.5147830247879028,0.05000000000011898,1.9329253882169724,0.05653158947825432,0.025666618719697,True,True,0,0,6.99066162109375,9.14697265625,6.99066162109375,0.11675909980439247,False
1,7,900001,5,1.0,75000,0.75,rand/1/bin,0.3060072362422943,0.5215388536453247,0.05000000011233532,1.5987368300557137,0.04638158157467842,0.02839832380414009,True,True,0,1,7.22906494140625,6.99066162109375,6.99066162109375,0.0,False
1,7,900001,6,1.0,90000,0.7,current-to-best/1/bin,0.8005127310752869,0.41008469462394714,0.050000004494866884,0.47779775597155094,0.04169999808073044,0.047238994389772415,True,True,1,2,10.78631591796875,6.99066162109375,6.99066162109375,0.0,False
1,7,900001,7,1.0,105000,0.65,rand/1/bin,0.3228617310523987,0.5641069412231445,0.05000002168235351,1.1440109983086586,0.05435818061232567,0.014823169447481632,True,True,2,0,3.98504638671875,6.99066162109375,3.98504638671875,0.2440848993634277,False
1,7,900001,8,1.0,120000,0.6,current-to-best/1/bin,0.7784494757652283,0.28239706158638,0.05000000000219546,0.8490308672189713,0.04169999808073044,0.04455773904919624,True,True,0,1,7.0418701171875,3.98504638671875,3.98504638671875,0.0,False
1,7,900001,9,1.0,135000,0.55,current-to-best/1/bin,0.978901207447052,0.6520981192588806,0.050000000011821484,0.3062564874999225,0.041700005531311035,0.05107181891798973,True,True,1,2,9.18121337890625,3.98504638671875,3.98504638671875,0.0,False
1,7,900001,10,1.0,150000,0.5,best/1/bin,0.6245446801185608,0.26314252614974976,0.05000000000240129,0.2692721262574196,0.04170000180602074,0.02189818024635315,True,True,2,0,3.53271484375,3.98504638671875,3.53271484375,0.052324797743395046,False
1,7,900001,11,1.0,165000,0.45,best/1/bin,0.48624032735824585,0.34527504444122314,0.05000017706499307,1.506779059767723,0.04202408716082573,0.010598053224384785,True,True,0,0,2.32647705078125,3.53271484375,2.32647705078125,0.18140980966272952,False
1,7,900001,12,1.0,180000,0.4,best/1/bin,0.5236696004867554,0.3728562295436859,0.05000000079127695,0.5588352885097265,0.04170000180602074,0.014151925221085548,True,True,0,1,2.86517333984375,2.32647705078125,2.32647705078125,0.0,False
1,7,900001,13,1.0,195000,0.35,rand/1/bin,0.32439225912094116,0.6063669919967651,0.05000019078654816,1.1778242364525795,0.04170000180602074,0.0031857206486165524,True,True,1,0,0.56085205078125,2.32647705078125,0.56085205078125,0.617850454743909,False
1,7,900001,14,1.0,210000,0.3,rand/2/bin,0.22317908704280853,0.5874878168106079,0.050000019145926444,0.7866407074034214,0.041700005531311035,0.0006400960264727473,True,True,0,0,0.091064453125,0.56085205078125,0.091064453125,0.7894993884421744,False
1,7,900001,15,1.0,225000,0.25,rand/2/bin,0.13110043108463287,0.5386022925376892,0.05000000000105445,0.4665472749620676,0.04169999808073044,0.0005243309424258769,True,True,0,1,0.1121826171875,0.091064453125,0.091064453125,0.0,False
1,7,900001,16,1.0,240000,0.2,best/1/bin,0.5218197107315063,0.3209031820297241,0.05000000001969779,1.6877382695674896,0.04170000180602074,0.0022601326927542686,True,True,1,2,0.2900390625,0.091064453125,0.091064453125,0.0,False
1,7,900001,17,1.0,255000,0.15,current-to-best/1/bin,0.8086437582969666,0.4174135625362396,0.050000000000214005,1.886963590979576,0.041700005531311035,0.02425442449748516,True,True,2,3,2.97320556640625,0.091064453125,0.091064453125,0.0,False
1,7,900001,18,1.0,270000,0.1,rand/1/bin,0.2778712213039398,0.581139862537384,0.05000000021321804,0.3484978387132287,0.041700005531311035,0.0006533752311952412,True,True,3,4,0.0919189453125,0.091064453125,0.091064453125,0.0,False
1,7,900001,19,1.0,285000,0.05,rand/1/bin,0.149235337972641,0.45688557624816895,0.05000000000010895,0.2542240404873155,0.04170000180602074,0.0021545379422605038,True,True,4,5,0.51617431640625,0.091064453125,0.091064453125,0.0,True
2,7,900002,1,1.0,15000,0.95,rand/2/bin,0.4139731824398041,0.07185428589582443,0.05000004808431094,0.25045994860556675,0.0636344850063324,0.08411113172769547,True,False,0,0,56.45111083984375,86.55450439453125,56.45111083984375,-1.7516724924294653,False
2,7,900002,2,1.0,30000,0.9,rand/1/bin,0.426889032125473,0.6042919158935547,0.05000000000000028,2.9990060329437256,0.2503303587436676,0.13112445175647736,False,True,0,0,27.6900634765625,56.45111083984375,27.6900634765625,0.3093485409514183,False
2,7,900002,3,1.0,45000,0.85,rand/2/bin,0.32423362135887146,0.6762102246284485,0.05000000008254114,0.30850628251209855,0.04484732076525688,0.06297077983617783,True,False,0,0,12.3614501953125,27.6900634765625,12.3614501953125,0.35025452771397125,False
2,7,900002,4,1.0,60000,0.8,rand/2/bin,0.22302497923374176,0.46628692746162415,0.05000000240069824,1.2944560423493385,0.08151290565729141,0.018456395715475082,False,True,0,0,2.87451171875,12.3614501953125,2.87451171875,0.6335053387448538,False
2,7,900002,5,1.0,75000,0.75,rand/2/bin,0.14538779854774475,0.44257187843322754,0.05000000000000376,1.8329784274101257,0.04291481897234917,0.0015331159811466932,True,True,0,0,0.236083984375,2.87451171875,0.236083984375,1.085497540508233,False
2,7,900002,6,1.0,90000,0.7,best/1/bin,0.5860538482666016,0.6819179058074951,0.050000000001689485,0.2914761526044458,0.04170000180602074,0.0011225247289985418,True,True,0,1,0.365478515625,0.236083984375,0.236083984375,0.0,False
2,7,900002,7,1.0,105000,0.65,rand/2/bin,0.20172137022018433,0.6322067379951477,0.05000000009952167,1.560406319797039,0.041700005531311035,0.0009143661009147763,True,True,1,0,0.14398193359375,0.236083984375,0.14398193359375,0.21475851275800806,False
2,7,900002,8,1.0,120000,0.6,best/1/bin,0.6557329297065735,0.6644378304481506,0.05000000001073717,0.36386098340153694,0.041700005531311035,0.0030673635192215443,True,True,0,1,0.54327392578125,0.14398193359375,0.14398193359375,0.0,False
2,7,900002,9,1.0,135000,0.55,rand/2/bin,0.2035035490989685,0.6809375286102295,0.05000000000024704,0.8827489949762821,0.04170000180602074,0.0005040966789238155,True,True,1,0,0.07080078125,0.14398193359375,0.07080078125,0.3082699204814521,False
2,7,900002,10,1.0,150000,0.5,best/1/bin,0.6721704602241516,0.6297378540039062,0.0500000001048581,0.6121901050209999,0.04169999808073044,0.0022777786944061518,True,True,0,1,0.3155517578125,0.07080078125,0.07080078125,0.0,False
2,7,900002,11,1.0,165000,0.45,current-to-best/1/bin,0.3745085895061493,0.6869814991950989,0.050000000000023644,2.548161655664444,0.04169999808073044,0.001376179396174848,True,True,1,2,0.57012939453125,0.07080078125,0.07080078125,0.0,False
2,7,900002,12,1.0,180000,0.4,rand/2/bin,0.21635429561138153,0.6542700529098511,0.05000000000107347,0.48714572191238403,0.04169999808073044,0.0006924926419742405,True,True,2,3,0.1024169921875,0.07080078125,0.07080078125,0.0,False
2,7,900002,13,1.0,195000,0.35,rand/2/bin,0.13236284255981445,0.5312526226043701,0.050000000000246396,1.9031555503606796,0.04170000180602074,0.0005982632283121347,True,True,3,4,0.13922119140625,0.07080078125,0.07080078125,0.0,False
2,7,900002,14,1.0,210000,0.3,rand/2/bin,0.13541752099990845,0.5333893299102783,0.05000000000021263,2.662228062748909,0.04170000180602074,0.0005664266645908356,True,True,4,5,0.14453125,0.07080078125,0.07080078125,0.0,False
2,7,900002,15,1.0,225000,0.25,rand/2/bin,0.11255759745836258,0.5467249751091003,0.050000000000000336,2.860571041703224,0.041700005531311035,0.0002892155898734927,True,True,5,6,0.1251220703125,0.07080078125,0.07080078125,0.0,False
2,7,900002,16,1.0,240000,0.2,rand/2/bin,0.11212882399559021,0.5462424755096436,0.05000000000000028,2.9328260868787766,0.04170000180602074,0.0004470896383281797,True,True,6,7,0.10357666015625,0.07080078125,0.07080078125,0.0,False
2,7,900002,17,1.0,255000,0.15,rand/2/bin,0.10949724912643433,0.5246463418006897,0.05000000000000082,2.9321856796741486,0.04170000180602074,0.0006366583984345198,True,True,7,8,0.11822509765625,0.07080078125,0.07080078125,0.0,False
2,7,900002,18,1.0,270000,0.1,rand/2/bin,0.09674493223428726,0.5399249196052551,0.05000000000000012,2.9487053006887436,0.041700005531311035,0.002503900323063135,True,True,8,9,0.818359375,0.07080078125,0.07080078125,0.0,False
2,7,900002,19,1.0,285000,0.05,rand/2/bin,0.13825133442878723,0.5820967555046082,0.05000000000000874,2.7111768424510956,0.041700005531311035,0.000546167662832886,True,True,9,10,0.2076416015625,0.07080078125,0.07080078125,0.0,True
3,7,900003,1,1.0,15000,0.95,rand/2/bin,0.857679545879364,0.00221081031486392,0.05000000172588324,0.2500057779258782,0.04875693470239639,0.07873619347810745,True,False,0,0,35.66552734375,50.55657958984375,35.66552734375,-1.5522486499221142,False
3,7,900003,2,1.0,30000,0.9,rand/1/bin,0.38028484582901,0.534064531326294,0.050000000028090234,2.9738077223300934,0.22764404118061066,0.07441086322069168,False,True,0,0,13.9996337890625,35.66552734375,13.9996337890625,0.4061319743243381,False
3,7,900003,3,1.0,45000,0.85,rand/2/bin,0.2993268668651581,0.32525408267974854,0.05000000000002155,0.2521687814441975,0.041700005531311035,0.017522791400551796,True,False,0,0,1.944091796875,13.9996337890625,1.944091796875,0.857399905605376,False
3,7,900003,4,1.0,60000,0.8,rand/2/bin,0.1605379581451416,0.465500146150589,0.05000000000000189,0.8526185490190983,0.04169999808073044,0.0010202144039794803,True,True,0,0,0.1549072265625,1.944091796875,0.1549072265625,1.0986450634936724,False
3,7,900003,5,1.0,75000,0.75,best/1/bin,0.6486684083938599,0.742351770401001,0.05000000000047042,0.3132643732242286,0.041700005531311035,0.001942256698384881,True,True,0,1,0.58343505859375,0.1549072265625,0.1549072265625,0.0,False
3,7,900003,6,1.0,90000,0.7,best/1/bin,0.3587287664413452,0.3176768124103546,0.050000000002353676,1.5740109980106354,0.041700005531311035,0.002185346093028784,True,True,1,2,0.80877685546875,0.1549072265625,0.1549072265625,0.0,False
3,7,900003,7,1.0,105000,0.65,best/1/bin,0.3926577568054199,0.2595882713794708,0.050000000002393234,1.0494966804981232,0.041700005531311035,0.0012484273174777627,True,True,2,3,0.19891357421875,0.1549072265625,0.1549072265625,0.0,False
3,7,900003,8,1.0,120000,0.6,best/1/bin,0.4394338130950928,0.316415399312973,0.0500000000047166,1.0686090737581253,0.041700005531311035,0.002091482747346163,True,True,3,4,0.332763671875,0.1549072265625,0.1549072265625,0.0,False
3,7,900003,9,1.0,135000,0.55,best/1/bin,0.4694754183292389,0.3350208103656769,0.05000000000028,1.1128907650709152,0.041700005531311035,0.002263179514557123,True,True,4,5,0.39227294921875,0.1549072265625,0.1549072265625,0.0,False
3,7,900003,10,1.0,150000,0.5,best/1/bin,0.5169447064399719,0.34616371989250183,0.05000000000029276,1.0319053158164024,0.04170000180602074,0.0035386846866458654,True,True,5,6,0.4930419921875,0.1549072265625,0.1549072265625,0.0,False
3,7,900003,11,1.0,165000,0.45,rand/2/bin,0.1863386183977127,0.6246446967124939,0.05000000000664774,1.474053055047989,0.04169999808073044,0.0004189108731225133,True,True,6,0,0.073486328125,0.1549072265625,0.073486328125,0.22386509977398492,False
3,7,900003,12,1.0,180000,0.4,rand/2/bin,0.13695096969604492,0.5630467534065247,0.05000000000446543,0.4320663381367922,0.04170000180602074,0.0004682452417910099,True,True,0,0,0.06695556640625,0.073486328125,0.06695556640625,0.04041985358268474,False
3,7,900003,13,1.0,195000,0.35,rand/2/bin,0.14461004734039307,0.5527478456497192,0.05000000008224366,0.42153213545680046,0.041700005531311035,0.0009680829825811088,True,True,0,1,0.2012939453125,0.06695556640625,0.06695556640625,0.0,False
3,7,900003,14,1.0,210000,0.3,best/1/bin,0.5297995805740356,0.3431142270565033,0.05000000002161011,1.289394088089466,0.04169999808073044,0.007432903628796339,True,True,1,2,0.9752197265625,0.06695556640625,0.06695556640625,0.0,False
3,7,900003,15,1.0,225000,0.25,current-to-best/1/bin,0.6256134510040283,0.47662344574928284,0.05000000000136228,2.300033777952194,0.041700005531311035,0.002386244246736169,True,True,2,3,0.25799560546875,0.06695556640625,0.06695556640625,0.0,False
3,7,900003,16,1.0,240000,0.2,rand/2/bin,0.14438998699188232,0.5879637002944946,0.05000000000000041,0.5592955555766821,0.04169999808073044,0.00036512204678729177,True,True,3,4,0.0787353515625,0.06695556640625,0.06695556640625,0.0,False
3,7,900003,17,1.0,255000,0.15,best/1/bin,0.614785373210907,0.3091394007205963,0.050000000000002855,2.2930392920970917,0.04170000180602074,0.007822711020708084,True,True,4,5,0.765625,0.06695556640625,0.06695556640625,0.0,False
3,7,900003,18,1.0,270000,0.1,best/1/bin,0.6103718280792236,0.3026699125766754,0.05000000000000007,0.6331694647669792,0.04170000180602074,0.0073755946941673756,True,True,5,6,0.74517822265625,0.06695556640625,0.06695556640625,0.0,False
3,7,900003,19,1.0,285000,0.05,best/1/bin,0.6842673420906067,0.3130018711090088,0.050000000000000475,0.40670356154441833,0.04170000180602074,0.01821902208030224,True,True,6,7,2.0509033203125,0.06695556640625,0.06695556640625,0.0,True
4,7,900004,1,1.0,15000,0.95,rand/2/bin,0.6103978753089905,0.003622783347964287,0.05000000000001685,0.25009073680485017,0.05830160900950432,0.07734877616167068,True,False,0,0,42.72723388671875,65.313720703125,42.72723388671875,-1.6307047780904012,False
4,7,900004,2,1.0,30000,0.9,rand/1/bin,0.36090487241744995,0.5404930114746094,0.05000000000000031,2.9973636269569397,0.22791944444179535,0.10161272436380386,False,True,0,0,19.67413330078125,42.72723388671875,19.67413330078125,0.33680916827331164,False
4,7,900004,3,1.0,45000,0.85,rand/2/bin,0.31365904211997986,0.6246538162231445,0.05000000035161761,0.7635899409651756,0.0775904506444931,0.038728758692741394,False,False,0,0,5.78472900390625,19.67413330078125,5.78472900390625,0.5316125906125868,False
4,7,900004,4,1.0,60000,0.8,rand/1/bin,0.23987965285778046,0.4893776774406433,0.05000000000099594,0.67045122012496,0.04170000180602074,0.0017433929024264216,True,True,0,0,0.33453369140625,5.78472900390625,0.33453369140625,1.2378431434459545,False
4,7,900004,5,1.0,75000,0.75,best/1/bin,0.44041284918785095,0.5605524778366089,0.0500000000000457,0.26065908756572753,0.04169999808073044,4.975478532287525e-06,True,True,0,1,1.05316162109375,0.33453369140625,0.33453369140625,0.0,False
4,7,900004,6,1.0,90000,0.7,rand/2/bin,0.2257060557603836,0.6708443760871887,0.050000000259291764,1.2795289978384972,0.04170000180602074,0.0006359637482091784,True,True,1,0,0.08447265625,0.33453369140625,0.08447265625,0.5977236735211157,False
4,7,900004,7,1.0,105000,0.65,best/1/bin,0.5976548790931702,0.7005876898765564,0.05000000000019792,0.323050114326179,0.041700005531311035,0.0006783406133763492,True,True,0,1,0.84228515625,0.08447265625,0.08447265625,0.0,False
4,7,900004,8,1.0,120000,0.6,rand/2/bin,0.21951846778392792,0.6812688112258911,0.05000000000131084,0.4485766775906086,0.04170000180602074,0.0003725439601112157,True,True,1,0,0.080810546875,0.08447265625,0.080810546875,0.019248102687189572,False
4,7,900004,9,1.0,135000,0.55,best/1/bin,0.6045705080032349,0.6211580038070679,0.05000000001108301,0.959603801369667,0.04170000180602074,0.008588551543653011,True,True,0,1,2.19158935546875,0.080810546875,0.080810546875,0.0,False
4,7,900004,10,1.0,150000,0.5,current-to-best/1/bin,0.5432164072990417,0.6119676232337952,0.05000000000006047,2.64754918217659,0.04176345840096474,9.112222323892638e-05,True,True,1,2,0.08477783203125,0.080810546875,0.080810546875,0.0,False
4,7,900004,11,1.0,165000,0.45,rand/2/bin,0.16234302520751953,0.5348169207572937,0.050000000000008184,0.7032905295491219,0.04170000180602074,0.0005415420746430755,True,True,2,3,0.09478759765625,0.080810546875,0.080810546875,0.0,False
4,7,900004,12,1.0,180000,0.4,best/1/bin,0.5022305846214294,0.40599924325942993,0.05000000000021369,1.471270963549614,0.041700005531311035,0.00200268323533237,True,True,3,4,0.60028076171875,0.080810546875,0.080810546875,0.0,False
4,7,900004,13,1.0,195000,0.35,current-to-best/1/bin,0.7694585919380188,0.4969933032989502,0.050000000000158515,1.8026098161935806,0.041700005531311035,0.013762010261416435,True,True,4,5,1.81463623046875,0.080810546875,0.080810546875,0.0,False
4,7,900004,14,1.0,210000,0.3,rand/2/bin,0.21729840338230133,0.7174624800682068,0.05000000000006917,0.26361868251115084,0.041700005531311035,0.0012184020597487688,True,True,5,6,0.225341796875,0.080810546875,0.080810546875,0.0,False
4,7,900004,15,1.0,225000,0.25,current-to-best/1/bin,0.8431740999221802,0.48089104890823364,0.0500000000000011,1.638678029179573,0.04170000180602074,0.03440721333026886,True,True,6,7,4.59552001953125,0.080810546875,0.080810546875,0.0,False
4,7,900004,16,1.0,240000,0.2,rand/2/bin,0.1786372810602188,0.5701329708099365,0.05000000000002496,0.2505792961528641,0.04170000180602074,0.0005869391025044024,True,True,7,8,0.08746337890625,0.080810546875,0.080810546875,0.0,False
4,7,900004,17,1.0,255000,0.15,best/1/bin,0.6136279702186584,0.31350722908973694,0.050000000000000135,2.232399269938469,0.04170000180602074,0.00792267918586731,True,True,8,9,0.806884765625,0.080810546875,0.080810546875,0.0,False
4,7,900004,18,1.0,270000,0.1,best/1/bin,0.5921217203140259,0.2991023659706116,0.05000000000000249,0.531241187825799,0.04170000180602074,0.007147067226469517,True,True,9,10,0.6644287109375,0.080810546875,0.080810546875,0.0,False
4,7,900004,19,1.0,285000,0.05,best/1/bin,0.6780763268470764,0.3144632577896118,0.05000000000000005,0.4177043931558728,0.041700005531311035,0.014915833249688148,True,True,10,11,1.73944091796875,0.080810546875,0.080810546875,0.0,True
5,7,900005,1,1.0,15000,0.95,rand/1/bin,0.46993231773376465,0.34922102093696594,0.050000000002620275,0.2500405825201142,0.07530245184898376,0.13143035769462585,True,False,0,0,86.2979736328125,108.8154296875,86.2979736328125,-1.936000598194041,False
5,7,900005,2,1.0,30000,0.9,rand/2/bin,0.25839850306510925,0.3826993703842163,0.05000000000000219,2.782911628484726,0.3454396426677704,0.2752362787723541,False,True,0,0,69.02056884765625,86.2979736328125,69.02056884765625,0.09702206383082146,False
5,7,900005,3,1.0,45000,0.85,rand/2/bin,0.36701133847236633,0.4740132987499237,0.050000000000802694,0.5612804368138313,0.15448474884033203,0.20795279741287231,False,False,0,0,47.8421630859375,69.02056884765625,47.8421630859375,0.15916772710794724,False
5,7,900005,4,1.0,60000,0.8,rand/2/bin,0.2548554241657257,0.48737263679504395,0.05000000000049651,0.9547334611415863,0.19676367938518524,0.09930622577667236,False,False,0,0,22.77166748046875,47.8421630859375,22.77166748046875,0.3224159735925278,False
5,7,900005,5,1.0,75000,0.75,rand/1/bin,0.31324976682662964,0.5607367157936096,0.05000000014263488,1.0819882899522781,0.10744819790124893,0.04824710264801979,False,True,0,0,9.85931396484375,22.77166748046875,9.85931396484375,0.3635481365009454,False
5,7,900005,6,1.0,90000,0.7,best/1/bin,0.9746098518371582,0.3555724620819092,0.05000000000108707,0.3876444501802325,0.041700005531311035,0.06292799115180969,True,True,0,1,12.9644775390625,9.85931396484375,9.85931396484375,0.0,False
5,7,900005,7,1.0,105000,0.65,rand/2/bin,0.3118186891078949,0.7047525644302368,0.05000023597761186,0.9551492258906364,0.060176730155944824,0.027270400896668434,True,True,1,0,5.5677490234375,9.85931396484375,5.5677490234375,0.2481670459633235,False
5,7,900005,8,1.0,120000,0.6,best/1/bin,0.43969663977622986,0.32252568006515503,0.05000000030306123,0.34997360687702894,0.04169999808073044,0.003590881358832121,True,True,0,0,1.36358642578125,5.5677490234375,1.36358642578125,0.6109969787462376,False
5,7,900005,9,1.0,135000,0.55,rand/2/bin,0.18227840960025787,0.6008431911468506,0.05000000017426595,0.9205734245479107,0.041700005531311035,0.00660063186660409,True,True,0,1,1.57562255859375,1.36358642578125,1.36358642578125,0.0,False
5,7,900005,10,1.0,150000,0.5,best/1/bin,0.4134528934955597,0.41473373770713806,0.05000000000055179,1.148270845413208,0.04169999808073044,0.002715315669775009,True,True,1,0,1.15997314453125,1.36358642578125,1.15997314453125,0.07023473406484743,False
5,7,900005,11,1.0,165000,0.45,rand/2/bin,0.20232483744621277,0.6149706840515137,0.05000000171778112,1.9897583723068237,0.04170000180602074,0.0008737744647078216,True,True,0,0,0.15301513671875,1.15997314453125,0.15301513671875,0.8797135153424593,False
5,7,900005,12,1.0,180000,0.4,rand/2/bin,0.12817859649658203,0.5530705451965332,0.05000000000001921,0.9659537822008133,0.041700005531311035,0.0003171840508002788,True,True,0,0,0.056884765625,0.15301513671875,0.056884765625,0.42973837364033274,False
5,7,900005,13,1.0,195000,0.35,rand/2/bin,0.1500658392906189,0.5574916005134583,0.05000000023848426,0.7671428732573986,0.04169999808073044,0.001228484557941556,True,True,0,1,0.28387451171875,0.056884765625,0.056884765625,0.0,False
5,7,900005,14,1.0,210000,0.3,current-to-best/1/bin,0.6564632654190063,0.5187631249427795,0.05000000001967844,1.5047871097922325,0.041700005531311035,0.0028841919265687466,True,True,1,2,0.37689208984375,0.056884765625,0.056884765625,0.0,False
5,7,900005,15,1.0,225000,0.25,rand/2/bin,0.1831444650888443,0.6522485017776489,0.0500000000000084,0.2728691843803972,0.04169999808073044,0.0010519165080040693,True,True,2,3,0.19818115234375,0.056884765625,0.056884765625,0.0,False
5,7,900005,16,1.0,240000,0.2,current-to-best/1/bin,0.7926207780838013,0.5031065344810486,0.05000000000008998,1.5994888618588448,0.04170000180602074,0.016230683773756027,True,True,3,4,2.2330322265625,0.056884765625,0.056884765625,0.0,False
5,7,900005,17,1.0,255000,0.15,rand/1/bin,0.2078833431005478,0.4798682928085327,0.050000000007523276,0.308218764141202,0.04170000180602074,0.0007962387753650546,True,True,4,5,0.12408447265625,0.056884765625,0.056884765625,0.0,False
5,7,900005,18,1.0,270000,0.1,current-to-best/1/bin,0.9031303524971008,0.42862528562545776,0.05000000000000077,1.2765710279345512,0.04170000180602074,0.04015675559639931,True,True,5,6,6.02203369140625,0.056884765625,0.056884765625,0.0,False
5,7,900005,19,1.0,285000,0.05,current-to-best/1/bin,0.20318642258644104,0.39938369393348694,0.05000000000148114,0.4779464043676853,0.04169999808073044,0.01389471534639597,True,True,6,7,1.16845703125,0.056884765625,0.056884765625,0.0,True
6,7,900006,1,1.0,15000,0.95,rand/2/bin,0.3710525631904602,0.28021180629730225,0.05000000382746155,0.25001155835411737,0.0632159411907196,0.10658786445856094,True,False,0,0,51.6746826171875,80.7955322265625,51.6746826171875,-1.7132778179808072,False
6,7,900006,2,1.0,30000,0.9,rand/1/bin,0.2756012976169586,0.4699832797050476,0.05000000000000004,2.9781520664691925,0.30879586935043335,0.09989849478006363,False,True,0,0,30.26702880859375,51.6746826171875,30.26702880859375,0.23230802771542236,False
6,7,900006,3,1.0,45000,0.85,rand/2/bin,0.3988194763660431,0.606980562210083,0.050000000007573084,0.2739311547484249,0.04219790920615196,0.0719393789768219,True,False,0,0,20.8023681640625,30.26702880859375,20.8023681640625,0.16285701172651068,False
6,7,900006,4,1.0,60000,0.8,rand/1/bin,0.31880807876586914,0.5647376775741577,0.0500000097468833,2.3685489892959595,0.17039194703102112,0.03091319277882576,False,True,0,0,4.970947265625,20.8023681640625,4.970947265625,0.6216736217218539,False
6,7,900006,5,1.0,75000,0.75,best/1/bin,0.9487318396568298,0.45129597187042236,0.050000000000017246,0.2544314340048004,0.04170000180602074,0.04752060025930405,True,True,0,1,7.322998046875,4.970947265625,4.970947265625,0.0,False
6,7,900006,6,1.0,90000,0.7,rand/2/bin,0.29192134737968445,0.6675077676773071,0.0500003046016559,0.8418693132698536,0.04314452409744263,0.004425560589879751,True,True,1,0,0.65216064453125,4.970947265625,0.65216064453125,0.8820845629533512,False
6,7,900006,7,1.0,105000,0.65,rand/2/bin,0.1334676444530487,0.4648221731185913,0.050000000000007996,1.293920375406742,0.041700005531311035,0.0005339834024198353,True,True,0,0,0.0743408203125,0.65216064453125,0.0743408203125,0.9431271864431706,False
6,7,900006,8,1.0,120000,0.6,best/1/bin,0.6707754731178284,0.7194474339485168,0.05000000000264418,0.31999429874122143,0.041700005531311035,0.0052884239703416824,True,True,0,1,1.337646484375,0.0743408203125,0.0743408203125,0.0,False
6,7,900006,9,1.0,135000,0.55,rand/2/bin,0.2685602009296417,0.7894429564476013,0.05000000000094833,0.30578477727249265,0.04170000180602074,0.000619335740339011,True,True,1,2,0.10015869140625,0.0743408203125,0.0743408203125,0.0,False
6,7,900006,10,1.0,150000,0.5,best/1/bin,0.46990767121315,0.4175540804862976,0.050000000005942825,1.7023343741893768,0.04170000180602074,0.00217145006172359,True,True,2,3,0.99847412109375,0.0743408203125,0.0743408203125,0.0,False
6,7,900006,11,1.0,165000,0.45,current-to-best/1/bin,0.6872224807739258,0.6226846575737,0.05000000000007078,2.567903146147728,0.04169999808073044,0.002211702521890402,True,True,3,4,0.3450927734375,0.0743408203125,0.0743408203125,0.0,False
6,7,900006,12,1.0,180000,0.4,rand/2/bin,0.18192166090011597,0.6486737728118896,0.05000000000000506,0.40622750762850046,0.04170000180602074,0.00026749560493044555,True,True,4,5,0.128662109375,0.0743408203125,0.0743408203125,0.0,False
6,7,900006,13,1.0,195000,0.35,rand/2/bin,0.13967429101467133,0.6200496554374695,0.05000000000000754,2.3709050714969635,0.04169999808073044,0.00044585473369807005,True,True,5,6,0.11724853515625,0.0743408203125,0.0743408203125,0.0,False
6,7,900006,14,1.0,210000,0.3,rand/2/bin,0.1264021098613739,0.5344306230545044,0.050000000000012916,2.8247228264808655,0.04169999808073044,0.0012937053106725216,True,True,6,7,0.348876953125,0.0743408203125,0.0743408203125,0.0,False
6,7,900006,15,1.0,225000,0.25,rand/2/bin,0.11934918910264969,0.5560521483421326,0.050000000000000246,2.7428729832172394,0.04169999808073044,0.00013622062397189438,True,True,7,0,0.06256103515625,0.0743408203125,0.06256103515625,-0.02507658809485705,False
6,7,900006,16,1.0,240000,0.2,rand/2/bin,0.1431914120912552,0.5586465001106262,0.050000000015204465,1.2657915502786636,0.041700005531311035,0.000735116598661989,True,True,0,1,0.18450927734375,0.06256103515625,0.06256103515625,0.0,False
6,7,900006,17,1.0,255000,0.15,current-to-best/1/bin,0.721756637096405,0.46792420744895935,0.050000000018663504,1.6322064250707626,0.041700005531311035,0.009830364026129246,True,True,1,2,1.103759765625,0.06256103515625,0.06256103515625,0.0,False
6,7,900006,18,1.0,270000,0.1,rand/1/bin,0.23143181204795837,0.5545876026153564,0.05000000000483827,0.25735463615274057,0.04170000180602074,0.0003788690664805472,True,True,2,0,0.06219482421875,0.06256103515625,0.06219482421875,0.002549680976596802,False
6,7,900006,19,1.0,285000,0.05,best/1/bin,0.7898517847061157,0.5199061632156372,0.050000000002276196,0.27929011126980186,0.04169999808073044,0.018612859770655632,True,True,0,1,2.423828125,0.06219482421875,0.06219482421875,0.0,True
7,7,900007,1,1.0,15000,0.95,rand/1/bin,0.45693254470825195,0.29668575525283813,0.050000000219212276,0.25011434149473644,0.06174890324473381,0.11234869807958603,True,False,0,0,59.142578125,93.15216064453125,59.142578125,-1.771900252307101,False
7,7,900007,2,1.0,30000,0.9,rand/1/bin,0.3496171236038208,0.5079450011253357,0.05000000000000014,2.995340123772621,0.3278198540210724,0.14524289965629578,False,True,0,0,37.87896728515625,59.142578125,37.87896728515625,0.19350212210598094,False
7,7,900007,3,1.0,45000,0.85,rand/1/bin,0.34999799728393555,0.47550633549690247,0.05000000000168477,0.8504935018718243,0.12352816015481949,0.08033104240894318,False,True,0,0,20.4573974609375,37.87896728515625,20.4573974609375,0.26754774695900596,False
7,7,900007,4,1.0,60000,0.8,rand/1/bin,0.31637343764305115,0.5799374580383301,0.050000000000212305,2.2708576321601868,0.18050771951675415,0.04763941466808319,False,True,0,0,12.05621337890625,20.4573974609375,12.05621337890625,0.2296394570738649,False
7,7,900007,5,1.0,75000,0.75,rand/2/bin,0.3129866123199463,0.6108611226081848,0.050000000149595866,0.29514360101893544,0.041700005531311035,0.03937184438109398,True,True,0,0,8.8111572265625,12.05621337890625,8.8111572265625,0.13617797479956384,False
7,7,900007,6,1.0,90000,0.7,rand/2/bin,0.19243991374969482,0.5170894265174866,0.05000000173689683,1.3116538524627686,0.05319349840283394,0.009376178495585918,True,True,0,0,3.47027587890625,8.8111572265625,3.47027587890625,0.4046689485470579,False
7,7,900007,7,1.0,105000,0.65,rand/2/bin,0.18483075499534607,0.5663277506828308,0.050000000000643266,2.5382921397686005,0.04169999808073044,0.008184043690562248,True,True,0,0,3.0228271484375,3.47027587890625,3.0228271484375,0.059950687361585486,False
7,7,900007,8,1.0,120000,0.6,best/1/bin,0.4985473155975342,0.46271494030952454,0.05000000001933301,1.6638355255126953,0.04169999808073044,0.002612123964354396,True,True,0,0,1.89312744140625,3.0228271484375,1.89312744140625,0.2032334624158516,False
7,7,900007,9,1.0,135000,0.55,current-to-best/1/bin,0.636019229888916,0.48820510506629944,0.05000000009176537,1.5069073215126991,0.041700005531311035,0.0159301720559597,True,True,0,1,4.3275146484375,1.89312744140625,1.89312744140625,0.0,False
7,7,900007,10,1.0,150000,0.5,best/1/bin,0.6492175459861755,0.29250025749206543,0.050000000003094146,1.188861794769764,0.041700005531311035,0.03820360079407692,True,True,1,2,7.11077880859375,1.89312744140625,1.89312744140625,0.0,False
7,7,900007,11,1.0,165000,0.45,current-to-best/1/bin,0.5766761302947998,0.49457019567489624,0.050002434318116684,1.6295603811740875,0.062779501080513,0.026074860244989395,True,True,2,3,5.3214111328125,1.89312744140625,1.89312744140625,0.0,False
7,7,900007,12,1.0,180000,0.4,current-to-best/1/bin,0.9216213226318359,0.6955040097236633,0.05000000001047129,0.5082695093005896,0.04170000180602074,0.05538897588849068,True,True,3,4,11.21282958984375,1.89312744140625,1.89312744140625,0.0,False
7,7,900007,13,1.0,195000,0.35,rand/2/bin,0.19762955605983734,0.6725449562072754,0.050000000000043635,0.6153563670814037,0.04263174906373024,0.002560341963544488,True,False,4,0,1.216552734375,1.89312744140625,1.216552734375,0.09204891027102982,False
7,7,900007,14,1.0,210000,0.3,rand/2/bin,0.13656528294086456,0.5718034505844116,0.050000000000222575,1.0130873918533325,0.04170000180602074,0.0010777701390907168,True,True,0,0,0.95184326171875,1.216552734375,0.95184326171875,0.10656549841306664,False
7,7,900007,15,1.0,225000,0.25,rand/2/bin,0.16840215027332306,0.6357907056808472,0.05000000000100995,0.9646487087011337,0.041700005531311035,0.0007603198173455894,True,True,0,0,0.51513671875,0.95184326171875,0.51513671875,0.2666429285995111,False
7,7,900007,16,1.0,240000,0.2,rand/2/bin,0.18773387372493744,0.6037395000457764,0.05000000015615317,0.5014900770038366,0.04169999808073044,0.006590987090021372,True,True,0,1,1.0435791015625,0.51513671875,0.51513671875,0.0,False
7,7,900007,17,1.0,255000,0.15,rand/2/bin,0.13453571498394012,0.5345419645309448,0.05000000001158183,1.6105691194534302,0.04170000180602074,0.002493019914254546,True,True,1,2,1.0279541015625,0.51513671875,0.51513671875,0.0,False
7,7,900007,18,1.0,270000,0.1,rand/2/bin,0.12587106227874756,0.5404503345489502,0.05000000000036611,2.7142100483179092,0.04169999808073044,0.001976245315745473,True,False,2,3,0.742431640625,0.51513671875,0.51513671875,0.0,False
7,7,900007,19,1.0,285000,0.05,rand/2/bin,0.12813334167003632,0.5171778202056885,0.05000000000212003,2.858033835887909,0.04169999808073044,0.0007103492389433086,True,False,3,0,0.1654052734375,0.51513671875,0.1654052734375,0.39337313792552786,True
8,7,900008,1,1.0,15000,0.95,current-to-best/1/bin,0.9998487234115601,0.6163802146911621,0.05000000000002308,0.25001078020238765,0.06164414435625076,0.2070012241601944,True,False,0,0,58.92706298828125,79.24462890625,58.92706298828125,-1.7703147958308332,False
8,7,900008,2,1.0,30000,0.9,rand/2/bin,0.33735525608062744,0.5332207679748535,0.050000004449555525,1.6778210550546646,0.33585861325263977,0.2314416766166687,False,True,0,0,49.05999755859375,58.92706298828125,49.05999755859375,0.07958727348403638,False
8,7,900008,3,1.0,45000,0.85,rand/2/bin,0.42040127515792847,0.33389812707901,0.05000000000006215,0.2571436368743889,0.059948261827230453,0.11594171822071075,True,False,0,0,20.78594970703125,49.05999755859375,20.78594970703125,0.3729576499903342,False
8,7,900008,4,1.0,60000,0.8,rand/2/bin,0.2510097026824951,0.6318960785865784,0.05000001309796831,1.2337385714054108,0.14304178953170776,0.011287973262369633,False,True,0,0,1.47174072265625,20.78594970703125,1.47174072265625,1.1499385625547252,False
8,7,900008,5,1.0,75000,0.75,rand/2/bin,0.13527247309684753,0.5164381861686707,0.05,0.5311806835234165,0.04169999808073044,0.0004363581829238683,True,True,0,0,0.05926513671875,1.47174072265625,0.05926513671875,1.3950319459095497,False
8,7,900008,6,1.0,90000,0.7,best/1/bin,0.613926112651825,0.6658596992492676,0.05000000000183442,0.41096064262092113,0.04170000180602074,0.0019419362070038915,True,True,0,1,0.77899169921875,0.05926513671875,0.05926513671875,0.0,False
8,7,900008,7,1.0,105000,0.65,rand/2/bin,0.2713462710380554,0.7974067330360413,0.05000000000288249,0.4588411208242178,0.04169999808073044,0.0012561545008793473,True,True,1,2,0.1824951171875,0.05926513671875,0.05926513671875,0.0,False
8,7,900008,8,1.0,120000,0.6,best/1/bin,0.4041360020637512,0.3741738498210907,0.050000000000796206,1.8332844525575638,0.04170000180602074,0.0008960652630776167,True,True,2,3,0.57855224609375,0.05926513671875,0.05926513671875,0.0,False
8,7,900008,9,1.0,135000,0.55,rand/2/bin,0.22568827867507935,0.6879357099533081,0.05000000000009653,1.3033958449959755,0.04169999808073044,0.0007237042882479727,True,True,3,4,0.0994873046875,0.05926513671875,0.05926513671875,0.0,False
8,7,900008,10,1.0,150000,0.5,best/1/bin,0.47836771607398987,0.39975428581237793,0.05000000000010603,1.486298568546772,0.04169999808073044,0.0020248163491487503,True,True,4,5,0.7398681640625,0.05926513671875,0.05926513671875,0.0,False
8,7,900008,11,1.0,165000,0.45,current-to-best/1/bin,0.8093333840370178,0.5963199734687805,0.050000000000004326,2.493141546845436,0.041700005531311035,0.01662997156381607,True,True,5,6,2.37939453125,0.05926513671875,0.05926513671875,0.0,False
8,7,900008,12,1.0,180000,0.4,rand/2/bin,0.221453458070755,0.7297024130821228,0.050000000000001266,0.250812934282294,0.04170000180602074,0.00073567486833781,True,True,6,7,0.091552734375,0.05926513671875,0.05926513671875,0.0,False
8,7,900008,13,1.0,195000,0.35,best/1/bin,0.511813223361969,0.3408070504665375,0.05000000000012881,1.9692992717027664,0.04169999808073044,0.004988112021237612,True,True,7,8,0.98272705078125,0.05926513671875,0.05926513671875,0.0,False
8,7,900008,14,1.0,210000,0.3,current-to-best/1/bin,0.8070938587188721,0.4622659981250763,0.050000000000141674,2.182423412799835,0.04170000180602074,0.03040693886578083,True,True,8,9,4.252685546875,0.05926513671875,0.05926513671875,0.0,False
8,7,900008,15,1.0,225000,0.25,rand/2/bin,0.2168208360671997,0.6543964147567749,0.05000000000025429,0.25037428845462273,0.041700005531311035,0.0010718744015321136,True,True,9,10,0.1573486328125,0.05926513671875,0.05926513671875,0.0,False
8,7,900008,16,1.0,240000,0.2,rand/2/bin,0.10620575398206711,0.5869678258895874,0.050000000000000114,2.134234368801117,0.04170000180602074,0.0005469732568599284,True,True,10,11,0.2177734375,0.05926513671875,0.05926513671875,0.0,False
8,7,900008,17,1.0,255000,0.15,rand/2/bin,0.10484350472688675,0.539176344871521,0.05000000000000016,2.793337792158127,0.041700005531311035,0.00047814208664931357,True,True,11,12,0.07135009765625,0.05926513671875,0.05926513671875,0.0,False
8,7,900008,18,1.0,270000,0.1,rand/2/bin,0.07990013062953949,0.5587232112884521,0.05,2.978688061237335,0.04170000180602074,0.0017538033425807953,True,True,12,13,0.67333984375,0.05926513671875,0.05926513671875,0.0,False
8,7,900008,19,1.0,285000,0.05,rand/2/bin,0.12055815756320953,0.5803347229957581,0.050000000000000475,2.8739446848630905,0.04169999808073044,0.00012584280921146274,True,True,13,0,0.04803466796875,0.05926513671875,0.04803466796875,-0.008755519583847265,True
9,7,900009,1,1.0,15000,0.95,rand/2/bin,0.37210965156555176,0.0014813930029049516,0.05000000000099441,0.25002688144218155,0.06449386477470398,0.0758071169257164,True,False,0,0,48.425537109375,72.0303955078125,48.425537109375,-1.6850744464626408,False
9,7,900009,2,1.0,30000,0.9,rand/1/bin,0.3818099796772003,0.521145761013031,0.05000000000000003,2.9984785616397858,0.22262105345726013,0.13744783401489258,False,True,0,0,27.8560791015625,48.425537109375,27.8560791015625,0.24015445928666157,False
9,7,900009,3,1.0,45000,0.85,current-to-best/1/bin,0.9629830718040466,0.44826290011405945,0.05000000017460065,0.3092004428617656,0.046220563352108,0.09628397971391678,True,False,0,0,21.6710205078125,27.8560791015625,21.6710205078125,0.10904062385713398,False
9,7,900009,4,1.0,60000,0.8,rand/1/bin,0.3391045331954956,0.5960254669189453,0.050000000013953286,1.9767910689115524,0.18986661732196808,0.02352907508611679,False,True,0,0,4.3167724609375,21.6710205078125,4.3167724609375,0.7007202049151693,False
9,7,900009,5,1.0,75000,0.75,rand/2/bin,0.28504785895347595,0.6243637800216675,0.05000000004678814,0.2690814009401947,0.04170000180602074,0.003594717476516962,True,True,0,0,0.45330810546875,4.3167724609375,0.45330810546875,0.9787656642032568,False
9,7,900009,6,1.0,90000,0.7,best/1/bin,0.5715440511703491,0.7182387113571167,0.05000000000000225,0.308652953710407,0.04170000180602074,5.716959640267305e-05,True,True,0,1,0.71673583984375,0.45330810546875,0.45330810546875,0.0,False
9,7,900009,7,1.0,105000,0.65,rand/2/bin,0.1917588859796524,0.5973581075668335,0.05000000009799742,2.0046437829732895,0.04170000180602074,0.0008298609755001962,True,True,1,0,0.12750244140625,0.45330810546875,0.12750244140625,0.5508749594541885,False
9,7,900009,8,1.0,120000,0.6,rand/2/bin,0.17517773807048798,0.5498344898223877,0.05000000084881432,1.1421303451061249,0.04169999808073044,0.00033919591805897653,True,True,0,0,0.0692138671875,0.12750244140625,0.0692138671875,0.26532535673834,False
9,7,900009,9,1.0,135000,0.55,best/1/bin,0.6286749243736267,0.6433599591255188,0.05000000024807052,0.6029134206473827,0.041700005531311035,0.0010323564056307077,True,True,0,1,0.42730712890625,0.0692138671875,0.0692138671875,0.0,False
9,7,900009,10,1.0,150000,0.5,current-to-best/1/bin,0.46954208612442017,0.650187075138092,0.05000000000059612,2.5486219227313995,0.041700005531311035,0.00023411393340211362,True,True,1,0,0.0673828125,0.0692138671875,0.0673828125,0.01164397945863338,False
9,7,900009,11,1.0,165000,0.45,rand/2/bin,0.16809706389904022,0.6054428219795227,0.05000000000000805,0.511204183101654,0.041700005531311035,0.0006071291863918304,True,True,0,1,0.1162109375,0.0673828125,0.0673828125,0.0,False
9,7,900009,12,1.0,180000,0.4,best/1/bin,0.4967830777168274,0.39187324047088623,0.05000000001917931,1.3273919373750687,0.04169999808073044,0.0011964661534875631,True,True,1,2,0.3162841796875,0.0673828125,0.0673828125,0.0,False
9,7,900009,13,1.0,195000,0.35,current-to-best/1/bin,0.5680182576179504,0.5925007462501526,0.05000000000481313,2.0305841267108917,0.04169999808073044,0.00041555840289220214,True,True,2,3,0.0765380859375,0.0673828125,0.0673828125,0.0,False
9,7,900009,14,1.0,210000,0.3,rand/2/bin,0.1411849409341812,0.5624776482582092,0.050000000000000266,1.1485772803425789,0.04169999808073044,0.00029810937121510506,True,True,3,4,0.07220458984375,0.0673828125,0.0673828125,0.0,False
9,7,900009,15,1.0,225000,0.25,rand/2/bin,0.11039666831493378,0.5518060922622681,0.05000000000000277,2.7237868160009384,0.041700005531311035,0.0011795081663876772,True,True,4,5,0.282958984375,0.0673828125,0.0673828125,0.0,False
9,7,900009,16,1.0,240000,0.2,rand/2/bin,0.12516391277313232,0.566637396812439,0.050000000000001515,2.840177670121193,0.041700005531311035,0.00015312338655348867,True,True,5,0,0.03125,0.0673828125,0.03125,0.23369903789495114,False
9,7,900009,17,1.0,255000,0.15,rand/1/bin,0.16216877102851868,0.3942383825778961,0.05000000001250788,0.30650286888703704,0.041700005531311035,0.0008779310155659914,True,True,0,1,0.16119384765625,0.03125,0.03125,0.0,False
9,7,900009,18,1.0,270000,0.1,best/1/bin,0.6206051707267761,0.29545122385025024,0.05000000000003492,1.1389680579304695,0.041700005531311035,0.012764258310198784,True,True,1,2,1.24774169921875,0.03125,0.03125,0.0,False
9,7,900009,19,1.0,285000,0.05,best/1/bin,0.594100832939148,0.23042355477809906,0.05000000000000543,0.2775817431975156,0.041700005531311035,0.01372601743787527,True,True,2,3,1.51666259765625,0.03125,0.03125,0.0,True
10,7,900010,1,1.0,15000,0.95,current-to-best/1/bin,0.9986622929573059,0.5951358675956726,0.05000000000898642,0.25007667413137824,0.05443928763270378,0.17160874605178833,True,False,0,0,44.373291015625,63.7252197265625,44.373291015625,-1.6471216401491686,False
10,7,900010,2,1.0,30000,0.9,rand/1/bin,0.30535203218460083,0.49132558703422546,0.05000000000013804,2.2598153203725815,0.36832278966903687,0.13218817114830017,False,True,0,0,36.3538818359375,44.373291015625,36.3538818359375,0.08657084877091359,False
10,7,900010,3,1.0,45000,0.85,rand/1/bin,0.34072011709213257,0.4669719636440277,0.05000000051435191,1.450763262808323,0.19032950699329376,0.08389323204755783,False,True,0,0,20.74200439453125,36.3538818359375,20.74200439453125,0.2437000692304605,False
10,7,900010,4,1.0,60000,0.8,rand/1/bin,0.3129006326198578,0.6157379150390625,0.050000000000003104,1.9235548228025436,0.1606183797121048,0.05002642795443535,False,True,0,0,11.61138916015625,20.74200439453125,11.61138916015625,0.251966540924093,False
10,7,900010,5,1.0,75000,0.75,best/1/bin,0.9966462850570679,0.2974705994129181,0.050000000000938495,0.7933936677873135,0.04689478874206543,0.07664105296134949,True,True,0,1,13.199951171875,11.61138916015625,11.61138916015625,0.0,False
10,7,900010,6,1.0,90000,0.7,rand/2/bin,0.2984868288040161,0.6397982239723206,0.05000006670371775,0.8410544618964195,0.06450336426496506,0.03031107410788536,True,True,1,0,4.572021484375,11.61138916015625,4.572021484375,0.4047759177536264,False
10,7,900010,7,1.0,105000,0.65,rand/2/bin,0.25138115882873535,0.627997100353241,0.050000011937804345,1.0228121727705002,0.042492352426052094,0.006067944224923849,True,True,0,0,1.527099609375,4.572021484375,1.527099609375,0.4762408945644936,False
10,7,900010,8,1.0,120000,0.6,rand/2/bin,0.14828957617282867,0.4726642370223999,0.050000000000030076,1.7216749340295792,0.041700005531311035,0.0018914990359917283,True,True,0,0,0.5272216796875,1.527099609375,0.5272216796875,0.4618741002524216,False
10,7,900010,9,1.0,135000,0.55,best/1/bin,0.5693469047546387,0.6360849738121033,0.05000000000050881,0.3626636518165469,0.04169999808073044,0.0011847256682813168,True,True,0,1,1.105712890625,0.5272216796875,0.5272216796875,0.0,False
10,7,900010,10,1.0,150000,0.5,best/1/bin,0.4330652058124542,0.32968032360076904,0.050000000665327546,1.6650001257658005,0.04169999808073044,0.002745654433965683,True,True,1,2,0.623046875,0.5272216796875,0.5272216796875,0.0,False
10,7,900010,11,1.0,165000,0.45,best/1/bin,0.47372719645500183,0.3297503590583801,0.05000000460914547,1.216355212032795,0.04169999808073044,0.003275108989328146,True,True,2,3,0.5865478515625,0.5272216796875,0.5272216796875,0.0,False
10,7,900010,12,1.0,180000,0.4,best/1/bin,0.5297762155532837,0.3531356155872345,0.05000000085418513,1.0510889291763306,0.04170000180602074,0.001930404338054359,True,True,3,0,0.2891845703125,0.5272216796875,0.2891845703125,0.16081813654425112,False
10,7,900010,13,1.0,195000,0.35,best/1/bin,0.5498344302177429,0.4064488410949707,0.05000000146399533,0.2618273092666641,0.04170000180602074,0.0014503784477710724,True,True,0,0,0.1881103515625,0.2891845703125,0.1881103515625,0.18676241393502702,False
10,7,900010,14,1.0,210000,0.3,best/1/bin,0.5560342669487,0.4441348612308502,0.05000000046032758,0.4050618316978216,0.04169999808073044,0.0021455870009958744,True,True,0,1,0.444580078125,0.1881103515625,0.1881103515625,0.0,False
10,7,900010,15,1.0,225000,0.25,current-to-best/1/bin,0.4993654489517212,0.425666868686676,0.05000000102783342,1.8225594758987427,0.04169999808073044,0.0006728200823999941,True,True,1,0,0.12396240234375,0.1881103515625,0.12396240234375,0.18112269903044198,False
10,7,900010,16,1.0,240000,0.2,rand/2/bin,0.14926181733608246,0.5926792621612549,0.05000000000000429,0.6392246074974537,0.04169999808073044,0.0009297604556195438,True,True,0,1,0.19140625,0.12396240234375,0.12396240234375,0.0,False
10,7,900010,17,1.0,255000,0.15,best/1/bin,0.541702926158905,0.3268762528896332,0.050000000004473875,1.4322012066841125,0.04169999808073044,0.006848362274467945,True,True,1,2,0.97613525390625,0.12396240234375,0.12396240234375,0.0,False
10,7,900010,18,1.0,270000,0.1,best/1/bin,0.5791413187980652,0.2941569685935974,0.050000000006232836,0.38729845080524683,0.041700005531311035,0.008530471473932266,True,True,2,3,0.93756103515625,0.12396240234375,0.12396240234375,0.0,False
10,7,900010,19,1.0,285000,0.05,current-to-best/1/bin,0.6365215182304382,0.39536237716674805,0.050000000000179075,2.013075292110443,0.041700005531311035,0.004466685000807047,True,True,3,4,0.46502685546875,0.12396240234375,0.12396240234375,0.0,True
11,7,900011,1,1.0,15000,0.95,rand/2/bin,0.47045016288757324,0.1502586454153061,0.050000000000119414,0.25000277179310615,0.05365500599145889,0.1058032363653183,True,False,0,0,43.81341552734375,62.93658447265625,43.81341552734375,-1.641607110544104,False
11,7,900011,2,1.0,30000,0.9,rand/1/bin,0.3353705406188965,0.5468462109565735,0.05000000000000029,2.9669505953788757,0.3052712082862854,0.08581618219614029,False,True,0,0,20.40216064453125,43.81341552734375,20.40216064453125,0.3319309474980692,False
11,7,900011,3,1.0,45000,0.85,rand/2/bin,0.34651362895965576,0.618264377117157,0.05000000008633393,0.2504943538006046,0.04169999808073044,0.04574203863739967,True,False,0,0,8.9442138671875,20.40216064453125,8.9442138671875,0.3581339873771471,False
11,7,900011,4,1.0,60000,0.8,rand/2/bin,0.22621293365955353,0.5732288360595703,0.05000000000275733,0.7181278318166733,0.042068228125572205,0.01411705743521452,True,True,0,0,3.2958984375,8.9442138671875,3.2958984375,0.4335683538239743,False
11,7,900011,5,1.0,75000,0.75,rand/2/bin,0.14735859632492065,0.4831080138683319,0.05000000000001812,2.1026314944028854,0.04187377169728279,0.0060419016517698765,True,True,0,0,1.58441162109375,3.2958984375,1.58441162109375,0.3181057999649092,False
11,7,900011,6,1.0,90000,0.7,rand/2/bin,0.16653648018836975,0.4787208139896393,0.05000000000006909,2.293249264359474,0.04170000180602074,0.009405548684298992,True,True,0,1,2.0950927734375,1.58441162109375,1.58441162109375,0.0,False
11,7,900011,7,1.0,105000,0.65,rand/2/bin,0.2646590769290924,0.6095368266105652,0.050000000022826833,0.8078674115240574,0.04170000180602074,0.00880116131156683,True,True,1,0,1.40777587890625,1.58441162109375,1.40777587890625,0.05133449914648652,False
11,7,900011,8,1.0,120000,0.6,rand/2/bin,0.1333146095275879,0.506891131401062,0.050000000000009814,1.7511820197105408,0.04170000180602074,0.0010252664797008038,True,True,0,0,0.1907958984375,1.40777587890625,0.1907958984375,0.8679644655838322,False
11,7,900011,9,1.0,135000,0.55,rand/2/bin,0.15436920523643494,0.5165079236030579,0.05000000014170882,1.2104035392403603,0.04169999808073044,0.00038023514207452536,True,True,0,0,0.05462646484375,0.1907958984375,0.05462646484375,0.5431658816269388,False
11,7,900011,10,1.0,150000,0.5,best/1/bin,0.6561636328697205,0.630626916885376,0.050000000053464125,0.41515592858195305,0.04170000180602074,0.0018312283791601658,True,True,0,1,0.4530029296875,0.05462646484375,0.05462646484375,0.0,False
11,7,900011,11,1.0,165000,0.45,current-to-best/1/bin,0.4076310396194458,0.6800533533096313,0.050000000000622935,2.527223438024521,0.04170000180602074,0.0005269039538688958,True,True,1,2,0.31268310546875,0.05462646484375,0.05462646484375,0.0,False
11,7,900011,12,1.0,180000,0.4,rand/2/bin,0.18563424050807953,0.590319037437439,0.0500000000002969,0.610936377197504,0.04170000180602074,0.0008824503165669739,True,True,2,3,0.14984130859375,0.05462646484375,0.05462646484375,0.0,False
11,7,900011,13,1.0,195000,0.35,best/1/bin,0.4751484990119934,0.3403902053833008,0.050000000000591995,1.4121079593896866,0.04169999808073044,0.00291569996625185,True,True,3,4,0.44708251953125,0.05462646484375,0.05462646484375,0.0,False
11,7,900011,14,1.0,210000,0.3,current-to-best/1/bin,0.8243176937103271,0.500174880027771,0.05000000000007482,2.0407686829566956,0.04170000180602074,0.02162232995033264,True,True,4,5,3.22662353515625,0.05462646484375,0.05462646484375,0.0,False
11,7,900011,15,1.0,225000,0.25,rand/2/bin,0.2033817619085312,0.6709457635879517,0.050000000000003354,0.2502632652031025,0.04170000180602074,0.00035717940772883594,True,True,5,6,0.060302734375,0.05462646484375,0.05462646484375,0.0,False
11,7,900011,16,1.0,240000,0.2,rand/2/bin,0.11442611366510391,0.6578639149665833,0.05000000000000008,2.5278520435094833,0.04170000180602074,0.0003096282889600843,True,True,6,7,0.1173095703125,0.05462646484375,0.05462646484375,0.0,False
11,7,900011,17,1.0,255000,0.15,rand/2/bin,0.10666660964488983,0.5622562170028687,0.05000000000000018,2.932540714740753,0.041700005531311035,0.0005573423113673925,True,True,7,8,0.1630859375,0.05462646484375,0.05462646484375,0.0,False
11,7,900011,18,1.0,270000,0.1,rand/2/bin,0.10354755818843842,0.5566220283508301,0.05000000000000011,2.933123916387558,0.041700005531311035,0.0008947349851951003,True,True,8,9,0.28582763671875,0.05462646484375,0.05462646484375,0.0,False
11,7,900011,19,1.0,285000,0.05,current-to-best/1/bin,0.847367525100708,0.42284852266311646,0.05000000000000024,1.7609154880046844,0.04169999808073044,0.03264772146940231,True,True,9,10,4.669677734375,0.05462646484375,0.05462646484375,0.0,True
12,7,900012,1,1.0,15000,0.95,rand/2/bin,0.3605842888355255,0.1532006710767746,0.05000000002589531,0.2507465493690688,0.07852771133184433,0.1105891689658165,True,False,0,0,74.68231201171875,107.9437255859375,74.68231201171875,-1.8732177544127109,False
12,7,900012,2,1.0,30000,0.9,rand/2/bin,0.2541727125644684,0.6349052786827087,0.050000000000000086,2.9402572363615036,0.314975380897522,0.14113381505012512,False,True,0,0,45.8275146484375,74.68231201171875,45.8275146484375,0.2120914494130517,False
12,7,900012,3,1.0,45000,0.85,rand/2/bin,0.24068592488765717,0.33748501539230347,0.05000000000897682,0.34941270761191845,0.05219758301973343,0.06033717468380928,True,False,0,0,27.90765380859375,45.8275146484375,27.90765380859375,0.21540297787927165,False
12,7,900012,4,1.0,60000,0.8,rand/2/bin,0.2531574070453644,0.5919018387794495,0.0500000000000741,2.9064557999372482,0.1714668869972229,0.09549809247255325,False,True,0,0,24.02703857421875,27.90765380859375,24.02703857421875,0.06502308131810786,False
12,7,900012,5,1.0,75000,0.75,rand/1/bin,0.36197012662887573,0.5770972967147827,0.05000000092427446,2.102704107761383,0.1964903324842453,0.07094860076904297,False,True,0,0,16.865478515625,24.02703857421875,16.865478515625,0.15370157782878802,False
12,7,900012,6,1.0,90000,0.7,rand/2/bin,0.3035917282104492,0.6616616249084473,0.050000072567129905,0.8686759769916534,0.06265272945165634,0.060099173337221146,True,True,0,0,11.67431640625,16.865478515625,11.67431640625,0.15976720788669985,False
12,7,900012,7,1.0,105000,0.65,rand/2/bin,0.2592810392379761,0.5968921780586243,0.05000001567483743,1.0137745961546898,0.06112873926758766,0.03649027273058891,True,True,0,0,9.37567138671875,11.67431640625,9.37567138671875,0.09522908251907425,False
12,7,900012,8,1.0,120000,0.6,rand/1/bin,0.3647221326828003,0.6229398250579834,0.050000297608005444,1.8742472380399704,0.06842459738254547,0.03195269778370857,True,True,0,0,7.5137939453125,9.37567138671875,7.5137939453125,0.09614309598298143,False
12,7,900012,9,1.0,135000,0.55,best/1/bin,0.8882504105567932,0.30582115054130554,0.05000000554365994,1.1621591746807098,0.043603718280792236,0.055210113525390625,True,True,0,1,9.12164306640625,7.5137939453125,7.5137939453125,0.0,False
12,7,900012,10,1.0,150000,0.5,rand/2/bin,0.3083937466144562,0.6992114782333374,0.05000019791816186,0.7044995091855526,0.04350709915161133,0.02190881036221981,True,True,1,0,5.33111572265625,7.5137939453125,5.33111572265625,0.14904117090212554,False
12,7,900012,11,1.0,165000,0.45,rand/2/bin,0.18619391322135925,0.560795783996582,0.050000000102246374,1.3200150430202484,0.042155735194683075,0.00818905420601368,True,True,0,0,1.96539306640625,5.33111572265625,1.96539306640625,0.4333686888759656,False
12,7,900012,12,1.0,180000,0.4,rand/2/bin,0.17967598140239716,0.5491229295730591,0.05000000004296782,2.145046219229698,0.04170000180602074,0.005919287446886301,True,True,0,0,1.5679931640625,1.96539306640625,1.5679931640625,0.09810525406628831,False
12,7,900012,13,1.0,195000,0.35,rand/2/bin,0.12847784161567688,0.4986019730567932,0.050000000000188616,2.2847559601068497,0.04169999808073044,0.0006244704127311707,True,True,0,0,0.47613525390625,1.5679931640625,0.47613525390625,0.5176138200134875,False
12,7,900012,14,1.0,210000,0.3,rand/2/bin,0.1521267294883728,0.5548752546310425,0.05000000001689381,1.9793984293937683,0.04170000180602074,0.002335228957235813,True,True,0,1,1.00299072265625,0.47613525390625,0.47613525390625,0.0,False
12,7,900012,15,1.0,225000,0.25,rand/2/bin,0.13412971794605255,0.546642541885376,0.05000000000408545,1.977079227566719,0.04170000180602074,0.0017058363882824779,True,True,1,2,0.6578369140625,0.47613525390625,0.47613525390625,0.0,False
12,7,900012,16,1.0,240000,0.2,best/1/bin,0.5171586871147156,0.34941089153289795,0.0500000000043511,1.1464008465409279,0.041700005531311035,0.009801581501960754,True,True,2,3,1.97161865234375,0.47613525390625,0.47613525390625,0.0,False
12,7,900012,17,1.0,255000,0.15,current-to-best/1/bin,0.57808518409729,0.45080241560935974,0.0500000000203579,2.273014724254608,0.041754547506570816,0.004078239668160677,True,True,3,4,0.76885986328125,0.47613525390625,0.47613525390625,0.0,False
12,7,900012,18,1.0,270000,0.1,rand/1/bin,0.20611217617988586,0.5492616295814514,0.05000000000000182,0.2590328590013087,0.04169999808073044,0.000576605147216469,True,True,4,0,0.09698486328125,0.47613525390625,0.09698486328125,0.5910263450356139,False
12,7,900012,19,1.0,285000,0.05,best/1/bin,0.7723062634468079,0.506463348865509,0.050000000000091416,0.30301429284736514,0.041700005531311035,0.02136177010834217,True,True,0,1,3.59552001953125,0.09698486328125,0.09698486328125,0.0,True
13,7,900013,1,1.0,15000,0.95,rand/1/bin,0.41728851199150085,0.5296626091003418,0.050000000407123414,0.2511538618855411,0.061349622905254364,0.09306325763463974,True,False,0,0,50.312744140625,79.6912841796875,50.312744140625,-1.7016780052003795,False
13,7,900013,2,1.0,30000,0.9,rand/1/bin,0.4213743209838867,0.6256557106971741,0.05,2.9999744296073914,0.2708088755607605,0.12437758594751358,False,True,0,0,34.11102294921875,50.312744140625,34.11102294921875,0.16878326149271006,False
13,7,900013,3,1.0,45000,0.85,rand/2/bin,0.45049044489860535,0.37450116872787476,0.05000000000000158,0.25241288005781826,0.04170000180602074,0.06619110703468323,True,False,0,0,17.79559326171875,34.11102294921875,17.79559326171875,0.28258227256258905,False
13,7,900013,4,1.0,60000,0.8,rand/2/bin,0.20474672317504883,0.47232967615127563,0.05000000183426654,1.258880004286766,0.08332667499780655,0.04440563917160034,False,True,0,0,12.344482421875,17.79559326171875,12.344482421875,0.15883958519569963,False
13,7,900013,5,1.0,75000,0.75,rand/1/bin,0.3014771044254303,0.5705787539482117,0.05000000000181456,2.488437905907631,0.11050068587064743,0.03932866081595421,False,True,0,0,8.6708984375,12.344482421875,8.6708984375,0.1534087860999589,False
13,7,900013,6,1.0,90000,0.7,rand/2/bin,0.3097802996635437,0.7253130674362183,0.05000000222053696,0.9584143683314323,0.044245362281799316,0.03747500479221344,True,True,0,1,9.07147216796875,8.6708984375,8.6708984375,0.0,False
13,7,900013,7,1.0,105000,0.65,best/1/bin,0.4114374816417694,0.30097371339797974,0.050000262698048914,1.5415373370051384,0.0584137924015522,0.023564105853438377,True,True,1,0,4.8072509765625,8.6708984375,4.8072509765625,0.2561673026149758,False
13,7,900013,8,1.0,120000,0.6,current-to-best/1/bin,0.7430696487426758,0.4362351596355438,0.05000000540909917,0.7714064903557301,0.04194088280200958,0.031176788732409477,True,True,0,1,6.13873291015625,4.8072509765625,4.8072509765625,0.0,False
13,7,900013,9,1.0,135000,0.55,current-to-best/1/bin,0.8907813429832458,0.6357824802398682,0.05000000067324851,0.39949568174779415,0.04169999808073044,0.029840262606739998,True,True,1,2,6.19976806640625,4.8072509765625,4.8072509765625,0.0,False
13,7,900013,10,1.0,150000,0.5,rand/2/bin,0.20914216339588165,0.6487645506858826,0.05000000000106482,0.780611913651228,0.04170000180602074,0.006303871516138315,True,False,2,0,1.61358642578125,4.8072509765625,1.61358642578125,0.47410456280447333,False
13,7,900013,11,1.0,165000,0.45,rand/2/bin,0.13786840438842773,0.4528946578502655,0.050000000001139425,1.9137141555547714,0.04170000180602074,0.00435892678797245,True,True,0,0,1.31011962890625,1.61358642578125,1.31011962890625,0.09048127759532959,False
13,7,900013,12,1.0,180000,0.4,rand/2/bin,0.15287011861801147,0.47211140394210815,0.050000000027595616,1.9600016474723816,0.04169999808073044,0.0039732810109853745,True,True,0,0,0.9327392578125,1.31011962890625,0.9327392578125,0.14755069612700233,False
13,7,900013,13,1.0,195000,0.35,rand/2/bin,0.15553732216358185,0.5366760492324829,0.05000000001079138,1.481145478785038,0.041700005531311035,0.0006771564367227256,True,True,0,0,0.103515625,0.9327392578125,0.103515625,0.9547543101281989,False
13,7,900013,14,1.0,210000,0.3,rand/2/bin,0.14971692860126495,0.5184044241905212,0.050000000048916686,0.8257952891290188,0.04170000180602074,0.00020475615747272968,True,True,0,0,0.0301513671875,0.103515625,0.0301513671875,0.535698796913483,False
13,7,900013,15,1.0,225000,0.25,best/1/bin,0.7486969828605652,0.38290318846702576,0.05000000000597622,1.4271903112530708,0.04170000180602074,0.023590676486492157,True,True,0,1,2.7945556640625,0.0301513671875,0.0301513671875,0.0,False
13,7,900013,16,1.0,240000,0.2,rand/2/bin,0.2549125850200653,0.7608752846717834,0.05000000000025511,0.2507901079879957,0.04169999808073044,0.0003827506734523922,True,True,1,2,0.0439453125,0.0301513671875,0.0301513671875,0.0,False
13,7,900013,17,1.0,255000,0.15,best/1/bin,0.6445643901824951,0.26130542159080505,0.05000000000003462,2.790304586291313,0.041700005531311035,0.022176384925842285,True,True,2,3,1.91790771484375,0.0301513671875,0.0301513671875,0.0,False
13,7,900013,18,1.0,270000,0.1,current-to-best/1/bin,0.2688156068325043,0.4890393614768982,0.05000000021142121,1.9389145970344543,0.045975275337696075,0.0030803068075329065,True,True,3,4,0.54693603515625,0.0301513671875,0.0301513671875,0.0,False
13,7,900013,19,1.0,285000,0.05,best/1/bin,0.6389308571815491,0.23845168948173523,0.05000000000000416,0.5140319857746363,0.04170000180602074,0.01701243780553341,True,True,4,5,2.19378662109375,0.0301513671875,0.0301513671875,0.0,True
14,7,900014,1,1.0,15000,0.95,current-to-best/1/bin,0.9954119920730591,0.3888530135154724,0.050000003817269704,0.2503079811358475,0.05640152469277382,0.14872241020202637,True,False,0,0,42.9061279296875,59.29833984375,42.9061279296875,-1.63251932342795,False
14,7,900014,2,1.0,30000,0.9,rand/2/bin,0.2841465175151825,0.5052217245101929,0.05000000028482404,1.7196833938360214,0.25194188952445984,0.11590108275413513,False,True,0,0,24.6893310546875,42.9061279296875,24.6893310546875,0.24001000015663143,False
14,7,900014,3,1.0,45000,0.85,rand/2/bin,0.3434998095035553,0.4640556871891022,0.05000000007413051,0.926835834980011,0.10742126405239105,0.08758067339658737,False,True,0,0,13.96710205078125,24.6893310546875,13.96710205078125,0.24740301662510378,False
14,7,900014,4,1.0,60000,0.8,rand/2/bin,0.2244526892900467,0.4040517210960388,0.05000000023564785,1.2001711204648018,0.10511181503534317,0.016415394842624664,False,True,0,0,2.2515869140625,13.96710205078125,2.2515869140625,0.7926175887863108,False
14,7,900014,5,1.0,75000,0.75,rand/2/bin,0.15030020475387573,0.4738028049468994,0.05000000000000209,1.6724027544260025,0.04228127747774124,0.0008868884760886431,True,True,0,0,0.1787109375,2.2515869140625,0.1787109375,1.1003375604677816,False
14,7,900014,6,1.0,90000,0.7,best/1/bin,0.713514506816864,0.7498555183410645,0.05000000000083553,0.2724197073839605,0.041700005531311035,0.002542636590078473,True,True,0,1,0.4368896484375,0.1787109375,0.1787109375,0.0,False
14,7,900014,7,1.0,105000,0.65,rand/2/bin,0.20027339458465576,0.6246761083602905,0.050000000020936734,1.589795060455799,0.04169999808073044,0.0005377576453611255,True,True,1,0,0.0849609375,0.1787109375,0.0849609375,0.322931810296359,False
14,7,900014,8,1.0,120000,0.6,best/1/bin,0.6773542761802673,0.6699040532112122,0.050000000034175554,0.3053571851924062,0.04169999808073044,0.003527306951582432,True,True,0,1,0.60528564453125,0.0849609375,0.0849609375,0.0,False
14,7,900014,9,1.0,135000,0.55,rand/2/bin,0.19975033402442932,0.685958743095398,0.050000000000502295,0.5219870824366808,0.041700005531311035,0.0007647646707482636,True,True,1,2,0.2159423828125,0.0849609375,0.0849609375,0.0,False
14,7,900014,10,1.0,150000,0.5,best/1/bin,0.5113609433174133,0.4256003201007843,0.05000000000200954,1.2792705073952675,0.041700005531311035,0.00174531782977283,True,True,2,3,0.72943115234375,0.0849609375,0.0849609375,0.0,False
14,7,900014,11,1.0,165000,0.45,current-to-best/1/bin,0.6421465873718262,0.6591262817382812,0.0500000000001256,2.61435504257679,0.04170000180602074,0.0006948528462089598,True,True,3,4,0.11651611328125,0.0849609375,0.0849609375,0.0,False
14,7,900014,12,1.0,180000,0.4,rand/2/bin,0.14983932673931122,0.5726126432418823,0.05000000000000023,0.7995681390166283,0.041700005531311035,0.00019979097123723477,True,True,4,0,0.03057861328125,0.0849609375,0.03057861328125,0.3438014184987127,False
14,7,900014,13,1.0,195000,0.35,current-to-best/1/bin,0.2946418225765228,0.6257545351982117,0.050000000041520755,1.8914954513311386,0.041700005531311035,0.0017608938505873084,True,True,0,1,0.39544677734375,0.03057861328125,0.03057861328125,0.0,False
14,7,900014,14,1.0,210000,0.3,rand/2/bin,0.21046918630599976,0.6799283623695374,0.050000000000242635,0.2827329889405519,0.04169999808073044,0.0005038314848206937,True,True,1,2,0.091064453125,0.03057861328125,0.03057861328125,0.0,False
14,7,900014,15,1.0,225000,0.25,current-to-best/1/bin,0.6280688047409058,0.5181792378425598,0.05000000000062865,1.6805854439735413,0.041700005531311035,0.0012588611571118236,True,True,2,3,0.1474609375,0.03057861328125,0.03057861328125,0.0,False
14,7,900014,16,1.0,240000,0.2,best/1/bin,0.543932318687439,0.2130802869796753,0.05000000000000002,1.7530386596918106,0.04170000180602074,0.008319376967847347,True,True,3,4,0.84368896484375,0.03057861328125,0.03057861328125,0.0,False
14,7,900014,17,1.0,255000,0.15,best/1/bin,0.5398378372192383,0.2855689823627472,0.05000000000000038,0.3079671887680888,0.04170000180602074,0.0027179638855159283,True,True,4,5,0.3333740234375,0.03057861328125,0.03057861328125,0.0,False
14,7,900014,18,1.0,270000,0.1,current-to-best/1/bin,0.8288348317146301,0.4267953932285309,0.050000000000000114,2.236299082636833,0.04170000180602074,0.030081799253821373,True,True,5,6,3.2540283203125,0.03057861328125,0.03057861328125,0.0,False
14,7,900014,19,1.0,285000,0.05,rand/1/bin,0.23940075933933258,0.5291196703910828,0.050000000046504144,0.5093677863478661,0.04170000180602074,0.00040614555473439395,True,True,6,7,0.0618896484375,0.03057861328125,0.03057861328125,0.0,True
15,7,900015,1,1.0,15000,0.95,best/1/bin,0.9998878836631775,0.46940746903419495,0.05000000000002604,0.25000053619172746,0.0631294772028923,0.2067284882068634,True,False,0,0,50.1739501953125,77.271240234375,50.1739501953125,-1.7004782944667576,False
15,7,900015,2,1.0,30000,0.9,rand/1/bin,0.35317420959472656,0.43739640712738037,0.05000000539917271,1.5476280897855759,0.31606149673461914,0.20239442586898804,False,True,0,0,42.13616943359375,50.1739501953125,42.13616943359375,0.0758232426708314,False
15,7,900015,3,1.0,45000,0.85,best/1/bin,0.9915417432785034,0.47390225529670715,0.05000000000072136,0.250029664317708,0.05262124165892601,0.1307658553123474,True,False,0,0,26.3472900390625,42.13616943359375,26.3472900390625,0.20391909931613506,False
15,7,900015,4,1.0,60000,0.8,rand/2/bin,0.27768924832344055,0.5617046356201172,0.050000007704908714,1.6345672607421875,0.21076557040214539,0.08209491521120071,False,True,0,0,17.30413818359375,26.3472900390625,17.30413818359375,0.1825859776902523,False
15,7,900015,5,1.0,75000,0.75,current-to-best/1/bin,0.9665751457214355,0.45592090487480164,0.050000000035984316,0.27237652661278844,0.04170000180602074,0.06444679945707321,True,False,0,0,11.81005859375,17.30413818359375,11.81005859375,0.1658979221191148,False
15,7,900015,6,1.0,90000,0.7,current-to-best/1/bin,0.9020742177963257,0.5085174441337585,0.0500000002870941,0.546053534373641,0.042227648198604584,0.057708561420440674,True,False,0,0,9.06927490234375,11.81005859375,9.06927490234375,0.11467948602442413,False
15,7,900015,7,1.0,105000,0.65,rand/2/bin,0.18290778994560242,0.46778371930122375,0.050000000240296036,0.8339381068944931,0.049743153154850006,0.0028522643260657787,True,False,0,0,0.45111083984375,9.06927490234375,0.45111083984375,1.3032892940359766,False
15,7,900015,8,1.0,120000,0.6,best/1/bin,0.6237548589706421,0.6629185080528259,0.05000000000017732,0.30632532062008977,0.041700005531311035,0.003646562108770013,True,True,0,1,1.5889892578125,0.45111083984375,0.45111083984375,0.0,False
15,7,900015,9,1.0,135000,0.55,rand/2/bin,0.22633282840251923,0.6990516781806946,0.0500000003148509,0.876017589122057,0.04170000180602074,0.0008904139394871891,True,True,1,0,0.124267578125,0.45111083984375,0.124267578125,0.5599254032927063,False
15,7,900015,10,1.0,150000,0.5,best/1/bin,0.6356728672981262,0.6154401302337646,0.05000000057707164,0.5158280394971371,0.04169999808073044,0.0018563102930784225,True,True,0,1,0.50091552734375,0.124267578125,0.124267578125,0.0,False
15,7,900015,11,1.0,165000,0.45,rand/2/bin,0.22834211587905884,0.6784361004829407,0.05000000015982667,0.9074674099683762,0.041700005531311035,0.0007578071672469378,True,True,1,0,0.10400390625,0.124267578125,0.10400390625,0.07730817642485799,False
15,7,900015,12,1.0,180000,0.4,rand/2/bin,0.17253689467906952,0.5784560441970825,0.0500000037015047,0.5171800125390291,0.041700005531311035,0.0004832058912143111,True,True,0,0,0.08660888671875,0.10400390625,0.08660888671875,0.07948718658639209,False
15,7,900015,13,1.0,195000,0.35,rand/2/bin,0.14639735221862793,0.5492033362388611,0.05000000015973464,0.4800277892500162,0.04169999808073044,0.0003496702411212027,True,True,0,0,0.07843017578125,0.08660888671875,0.07843017578125,0.043079262561102505,False
15,7,900015,14,1.0,210000,0.3,rand/2/bin,0.14768822491168976,0.553867518901825,0.05000000008595716,0.34695764258503914,0.04169999808073044,0.0005603666650131345,True,True,0,1,0.08880615234375,0.07843017578125,0.07843017578125,0.0,False
15,7,900015,15,1.0,225000,0.25,current-to-best/1/bin,0.5315550565719604,0.5738570094108582,0.05000000000028935,1.9500296860933304,0.04169999808073044,0.0010996118653565645,True,True,1,2,0.23016357421875,0.07843017578125,0.07843017578125,0.0,False
15,7,900015,16,1.0,240000,0.2,rand/2/bin,0.1456419825553894,0.5486727952957153,0.05000000000001834,0.7643423825502396,0.04169999808073044,0.000837003521155566,True,True,2,3,0.13409423828125,0.07843017578125,0.07843017578125,0.0,False
15,7,900015,17,1.0,255000,0.15,rand/2/bin,0.11995984613895416,0.5853214263916016,0.05000000000002074,2.4692917466163635,0.041700005531311035,0.0015622898936271667,True,True,3,4,0.498046875,0.07843017578125,0.07843017578125,0.0,False
15,7,900015,18,1.0,270000,0.1,current-to-best/1/bin,0.8184436559677124,0.42149701714515686,0.050000000000008586,1.7883331775665283,0.04170000180602074,0.02539076656103134,True,True,4,5,3.5006103515625,0.07843017578125,0.07843017578125,0.0,False
15,7,900015,19,1.0,285000,0.05,current-to-best/1/bin,0.39233309030532837,0.3955773413181305,0.05000000004297167,0.5534179713577032,0.041700005531311035,0.000805708288680762,True,True,5,6,0.1099853515625,0.07843017578125,0.07843017578125,0.0,True
16,7,900016,1,1.0,15000,0.95,best/1/bin,0.9999952912330627,0.27659910917282104,0.050000000427037755,0.25009544688600727,0.046683453023433685,0.13709229230880737,True,False,0,0,25.68048095703125,45.943603515625,25.68048095703125,-1.4096031533287308,False
16,7,900016,2,1.0,30000,0.9,rand/1/bin,0.3270053565502167,0.4908961057662964,0.050000000371789075,1.9194243848323822,0.25979962944984436,0.06059090793132782,False,True,0,0,11.164306640625,25.68048095703125,11.164306640625,0.36177139655788193,False
16,7,900016,3,1.0,45000,0.85,current-to-best/1/bin,0.9976215958595276,0.5577073693275452,0.05000000000031367,0.27484510419890285,0.04169999808073044,0.05424797162413597,True,False,0,0,8.243896484375,11.164306640625,8.243896484375,0.13169922638128362,False
16,7,900016,4,1.0,60000,0.8,rand/2/bin,0.20740565657615662,0.46747061610221863,0.050000000019254115,0.8168594613671303,0.04639849811792374,0.0071392967365682125,True,False,0,0,1.248779296875,8.243896484375,1.248779296875,0.8196468368314085,False
16,7,900016,5,1.0,75000,0.75,best/1/bin,0.5707125067710876,0.6695449948310852,0.05000000000000066,0.36619383096694946,0.041700005531311035,0.00040055191493593156,True,True,0,0,0.34295654296875,1.248779296875,0.34295654296875,0.5612465880957427,False
16,7,900016,6,1.0,90000,0.7,rand/2/bin,0.1472611427307129,0.5432312488555908,0.05000000002020209,2.3668659329414368,0.04169999808073044,0.00026480641099624336,True,True,0,0,0.06280517578125,0.34295654296875,0.06280517578125,0.7372436008462502,False
16,7,900016,7,1.0,105000,0.65,best/1/bin,0.7241437435150146,0.7267877459526062,0.050000000000078405,0.25168538362777326,0.04169999808073044,0.0041289133951067924,True,True,0,1,0.5191650390625,0.06280517578125,0.06280517578125,0.0,False
16,7,900016,8,1.0,120000,0.6,current-to-best/1/bin,0.3147623836994171,0.7732211947441101,0.05000000000003413,2.7819496244192123,0.04169999808073044,0.0017201487207785249,True,True,1,2,0.64892578125,0.06280517578125,0.06280517578125,0.0,False
16,7,900016,9,1.0,135000,0.55,rand/2/bin,0.24512162804603577,0.7123284339904785,0.05000000000131449,0.40060377307236195,0.04170000180602074,0.00038461521035060287,True,True,2,0,0.05426025390625,0.06280517578125,0.05426025390625,0.06351360290254005,False
16,7,900016,10,1.0,150000,0.5,best/1/bin,0.6299336552619934,0.556566596031189,0.05000000002604485,1.023278422653675,0.04170000180602074,0.0019097828771919012,True,True,0,1,0.281982421875,0.05426025390625,0.05426025390625,0.0,False
16,7,900016,11,1.0,165000,0.45,current-to-best/1/bin,0.4830332398414612,0.6927168369293213,0.05000000000031417,2.541484996676445,0.04169999808073044,0.0007818398880772293,True,True,1,2,0.4063720703125,0.05426025390625,0.05426025390625,0.0,False
16,7,900016,12,1.0,180000,0.4,rand/2/bin,0.1951669156551361,0.59197998046875,0.0500000000011514,0.5837299507111311,0.041700005531311035,0.0008448733133263886,True,True,2,3,0.11474609375,0.05426025390625,0.05426025390625,0.0,False
16,7,900016,13,1.0,195000,0.35,rand/2/bin,0.15014854073524475,0.5269191265106201,0.050000000016422304,1.8902664333581924,0.04169999808073044,0.00042530623613856733,True,True,3,4,0.0987548828125,0.05426025390625,0.05426025390625,0.0,False
16,7,900016,14,1.0,210000,0.3,rand/2/bin,0.11788992583751678,0.5540289282798767,0.05000000000000103,2.6230171769857407,0.041700005531311035,0.0003282125398982316,True,True,4,5,0.0853271484375,0.05426025390625,0.05426025390625,0.0,False
16,7,900016,15,1.0,225000,0.25,rand/2/bin,0.10758677870035172,0.5451536178588867,0.050000000000000065,2.8805247992277145,0.04170000180602074,0.00032690443913452327,True,True,5,0,0.0537109375,0.05426025390625,0.0537109375,-0.09558091199853683,False
16,7,900016,16,1.0,240000,0.2,rand/2/bin,0.1583479642868042,0.5363466739654541,0.05000000091323469,1.0831683799624443,0.04170000180602074,0.000782577320933342,True,True,0,1,0.1383056640625,0.0537109375,0.0537109375,0.0,False
16,7,900016,17,1.0,255000,0.15,current-to-best/1/bin,0.738976776599884,0.48674339056015015,0.050000000000066686,1.8104738593101501,0.04169999808073044,0.008267202414572239,True,True,1,2,1.27691650390625,0.0537109375,0.0537109375,0.0,False
16,7,900016,18,1.0,270000,0.1,rand/1/bin,0.2735612988471985,0.603652834892273,0.050000000020573136,0.262967596645467,0.04169999808073044,0.0006788870086893439,True,True,2,3,0.09649658203125,0.0537109375,0.0537109375,0.0,False
16,7,900016,19,1.0,285000,0.05,current-to-best/1/bin,0.870242178440094,0.467281699180603,0.05000000000000015,1.4923839941620827,0.04170000180602074,0.03610364720225334,True,True,3,4,5.42132568359375,0.0537109375,0.0537109375,0.0,True
17,7,900017,1,1.0,15000,0.95,rand/1/bin,0.4498083293437958,0.4959051012992859,0.0500000000002479,0.250229693358051,0.05506466329097748,0.10244759172201157,True,False,0,0,43.6510009765625,68.373291015625,43.6510009765625,-1.6399942072158398,False
17,7,900017,2,1.0,30000,0.9,rand/2/bin,0.3005768060684204,0.4555704593658447,0.05000000000785809,2.532540276646614,0.25481072068214417,0.16954872012138367,False,True,0,0,35.878662109375,43.6510009765625,35.878662109375,0.08515796696323474,False
17,7,900017,3,1.0,45000,0.85,rand/1/bin,0.3001059293746948,0.6148809194564819,0.0500000000000002,0.9907091185450554,0.16743911802768707,0.03501047194004059,False,True,0,0,8.166748046875,35.878662109375,8.166748046875,0.6427870823862383,False
17,7,900017,4,1.0,60000,0.8,rand/1/bin,0.24094213545322418,0.4791632890701294,0.0500000000000258,1.6882364004850388,0.059575777500867844,0.014781531877815723,True,True,0,0,3.29791259765625,8.166748046875,3.29791259765625,0.3938100149009608,False
17,7,900017,5,1.0,75000,0.75,rand/2/bin,0.239177405834198,0.6188167929649353,0.05000000024150217,0.7475216947495937,0.04170000180602074,0.013730805367231369,True,True,0,0,2.66717529296875,3.29791259765625,2.66717529296875,0.09218758186496767,False
17,7,900017,6,1.0,90000,0.7,rand/2/bin,0.17734554409980774,0.5344423055648804,0.05000000000082432,1.5367537066340446,0.04170000180602074,0.0014318986795842648,True,True,0,0,0.43145751953125,2.66717529296875,0.43145751953125,0.7911135086691232,False
17,7,900017,7,1.0,105000,0.65,best/1/bin,0.6604677438735962,0.7054997086524963,0.05000000000000065,0.2742632164154202,0.041700005531311035,0.0011417329078540206,True,True,0,1,0.5892333984375,0.43145751953125,0.43145751953125,0.0,False
17,7,900017,8,1.0,120000,0.6,rand/2/bin,0.19945546984672546,0.6458920836448669,0.05000000002337511,1.3874359726905823,0.04170000180602074,0.0002934686781372875,True,True,1,0,0.04669189453125,0.43145751953125,0.04669189453125,0.9656964635606233,False
17,7,900017,9,1.0,135000,0.55,best/1/bin,0.6734122037887573,0.6587764024734497,0.05000000000664589,0.32670777663588524,0.04170000180602074,0.0027713465970009565,True,True,0,1,0.596435546875,0.04669189453125,0.04669189453125,0.0,False
17,7,900017,10,1.0,150000,0.5,current-to-best/1/bin,0.43062710762023926,0.7136240601539612,0.05000000000006958,2.7251122146844864,0.041700005531311035,0.00012427267211023718,True,True,1,2,0.29888916015625,0.04669189453125,0.04669189453125,0.0,False
17,7,900017,11,1.0,165000,0.45,rand/2/bin,0.18370571732521057,0.5532235503196716,0.05000000000071078,0.9501390680670738,0.04170000180602074,0.0010859990725293756,True,True,2,3,0.1685791015625,0.04669189453125,0.04669189453125,0.0,False
17,7,900017,12,1.0,180000,0.4,best/1/bin,0.4892371594905853,0.3571035861968994,0.0500000000000115,0.9844608455896378,0.041700005531311035,0.0030552945099771023,True,True,3,4,0.5482177734375,0.04669189453125,0.04669189453125,0.0,False
17,7,900017,13,1.0,195000,0.35,current-to-best/1/bin,0.7822995781898499,0.5309227108955383,0.05000000000011302,2.142678663134575,0.04170000180602074,0.014825022779405117,True,True,4,5,1.9371337890625,0.04669189453125,0.04669189453125,0.0,False
17,7,900017,14,1.0,210000,0.3,rand/2/bin,0.18524378538131714,0.7117665410041809,0.050000000000000086,0.25067554624547483,0.04170000180602074,0.0003846877661999315,True,True,5,6,0.13995361328125,0.04669189453125,0.04669189453125,0.0,False
17,7,900017,15,1.0,225000,0.25,current-to-best/1/bin,0.8369256854057312,0.5028835535049438,0.050000000000002064,1.662448987364769,0.04169999808073044,0.030024709179997444,True,True,6,7,4.6356201171875,0.04669189453125,0.04669189453125,0.0,False
17,7,900017,16,1.0,240000,0.2,rand/1/bin,0.2526285946369171,0.5112293362617493,0.05000000001634356,0.5295434817671776,0.04169999808073044,0.0009631553548388183,True,True,7,8,0.12713623046875,0.04669189453125,0.04669189453125,0.0,False
17,7,900017,17,1.0,255000,0.15,current-to-best/1/bin,0.916938066482544,0.43786126375198364,0.050000000000000294,1.4288112446665764,0.04169999808073044,0.04167018085718155,True,True,8,9,5.78753662109375,0.04669189453125,0.04669189453125,0.0,False
17,7,900017,18,1.0,270000,0.1,rand/1/bin,0.256988525390625,0.5706704258918762,0.050000000018614515,0.6102960519492626,0.04170000180602074,0.00036156398709863424,True,True,9,10,0.048583984375,0.04669189453125,0.04669189453125,0.0,False
17,7,900017,19,1.0,285000,0.05,rand/1/bin,0.14175212383270264,0.4593968391418457,0.050000000000002806,0.250413305737311,0.04169999808073044,0.0007341260788962245,True,True,10,11,0.1046142578125,0.04669189453125,0.04669189453125,0.0,True
18,7,900018,1,1.0,15000,0.95,rand/1/bin,0.42521965503692627,0.3886053264141083,0.05000000016531423,0.2500552128331037,0.06410614401102066,0.11204037815332413,True,False,0,0,49.7901611328125,78.7874755859375,49.7901611328125,-1.697143531845273,False
18,7,900018,2,1.0,30000,0.9,rand/1/bin,0.30845630168914795,0.5349751710891724,0.05000000000000051,2.994667425751686,0.3208378255367279,0.08725989609956741,False,True,0,0,22.266845703125,49.7901611328125,22.266845703125,0.3494848319377626,False
18,7,900018,3,1.0,45000,0.85,best/1/bin,0.9981403350830078,0.4020548462867737,0.050000000000002216,0.2500190196905123,0.04169999808073044,0.07616136968135834,True,False,0,0,16.439453125,22.266845703125,16.439453125,0.13177133344326442,False
18,7,900018,4,1.0,60000,0.8,rand/2/bin,0.2792746424674988,0.6271471977233887,0.050000141196686346,1.8105040192604065,0.13789047300815582,0.028287477791309357,False,True,0,0,4.22552490234375,16.439453125,4.22552490234375,0.5900066999538461,False
18,7,900018,5,1.0,75000,0.75,rand/1/bin,0.21131208539009094,0.47534602880477905,0.05000000000115302,0.7934447266161442,0.04170000180602074,0.0007420949987135828,True,True,0,0,0.1439208984375,4.22552490234375,0.1439208984375,1.4677567748711522,False
18,7,900018,6,1.0,90000,0.7,best/1/bin,0.5774956941604614,0.6213672161102295,0.05000000000150075,0.25111928965634434,0.041700005531311035,0.001967890653759241,True,True,0,1,0.60552978515625,0.1439208984375,0.1439208984375,0.0,False
18,7,900018,7,1.0,105000,0.65,rand/2/bin,0.22755853831768036,0.6966233253479004,0.050000000027030346,0.9198216795921326,0.04169999808073044,0.0004199650720693171,True,True,1,0,0.0626220703125,0.1439208984375,0.0626220703125,0.3613964008075278,False
18,7,900018,8,1.0,120000,0.6,best/1/bin,0.6247708797454834,0.6463810205459595,0.05000000011572938,0.4200882175937295,0.04169999808073044,0.00035904423566535115,True,True,0,1,0.14434814453125,0.0626220703125,0.0626220703125,0.0,False
18,7,900018,9,1.0,135000,0.55,best/1/bin,0.4656071960926056,0.3159728944301605,0.05000000007724087,0.664649486541748,0.04169999808073044,0.002654649782925844,True,True,1,2,0.44482421875,0.0626220703125,0.0626220703125,0.0,False
18,7,900018,10,1.0,150000,0.5,current-to-best/1/bin,0.46603497862815857,0.7502638101577759,0.05000000000025189,2.7114825397729874,0.041700005531311035,0.0016843440243974328,True,True,2,3,0.6939697265625,0.0626220703125,0.0626220703125,0.0,False
18,7,900018,11,1.0,165000,0.45,rand/2/bin,0.2023087590932846,0.6288406252861023,0.05000000000094476,0.41824252903461456,0.041700005531311035,0.0006544694188050926,True,True,3,4,0.115966796875,0.0626220703125,0.0626220703125,0.0,False
18,7,900018,12,1.0,180000,0.4,best/1/bin,0.5035327672958374,0.35989123582839966,0.05000000000021598,1.433042898774147,0.041700005531311035,0.00604522367939353,True,True,4,5,1.2047119140625,0.0626220703125,0.0626220703125,0.0,False
18,7,900018,13,1.0,195000,0.35,current-to-best/1/bin,0.7407383918762207,0.4366631507873535,0.05000000000003951,2.224776178598404,0.041700005531311035,0.009475251659750938,True,True,5,6,1.18963623046875,0.0626220703125,0.0626220703125,0.0,False
18,7,900018,14,1.0,210000,0.3,rand/2/bin,0.17220145463943481,0.7139890789985657,0.05000000000000003,0.25931732897879556,0.041700005531311035,0.00021432996436487883,True,True,6,0,0.0528564453125,0.0626220703125,0.0528564453125,-0.026370544054787365,False
18,7,900018,15,1.0,225000,0.25,rand/2/bin,0.1579936444759369,0.599270224571228,0.050000000200752265,0.41187644377350807,0.04170000180602074,0.00046197569463402033,True,True,0,1,0.07171630859375,0.0528564453125,0.0528564453125,0.0,False
18,7,900018,16,1.0,240000,0.2,current-to-best/1/bin,0.6959057450294495,0.5280677080154419,0.05000000000003393,1.8769765496253967,0.04169999808073044,0.003154921578243375,True,True,1,2,0.39013671875,0.0528564453125,0.0528564453125,0.0,False
18,7,900018,17,1.0,255000,0.15,rand/2/bin,0.16243508458137512,0.5996073484420776,0.05000000000002606,0.2773527929093689,0.04170000180602074,0.0004795706190634519,True,True,2,3,0.103271484375,0.0528564453125,0.0528564453125,0.0,False
18,7,900018,18,1.0,270000,0.1,current-to-best/1/bin,0.8287376761436462,0.525209903717041,0.05000000000000122,1.8822270035743713,0.04170000180602074,0.022046316415071487,True,True,3,4,2.88507080078125,0.0528564453125,0.0528564453125,0.0,False
18,7,900018,19,1.0,285000,0.05,rand/2/bin,0.18659818172454834,0.6143826842308044,0.050000000000174946,0.25009338169911643,0.041700005531311035,0.0007357507711276412,True,True,4,5,0.08245849609375,0.0528564453125,0.0528564453125,0.0,True
19,7,900019,1,1.0,15000,0.95,rand/2/bin,0.4512251615524292,0.013263048604130745,0.05000000000020471,0.25004150038262196,0.059336405247449875,0.07600986212491989,True,False,0,0,47.9920654296875,64.79803466796875,47.9920654296875,-1.6811694411130085,False
19,7,900019,2,1.0,30000,0.9,rand/1/bin,0.3248124122619629,0.466418981552124,0.05000000000000002,2.998150408267975,0.22356747090816498,0.11838246136903763,False,True,0,0,29.3056640625,47.9920654296875,29.3056640625,0.21421787407973625,False
19,7,900019,3,1.0,45000,0.85,rand/2/bin,0.3431904911994934,0.5511270761489868,0.050000000000713606,0.5804778803139925,0.06871840357780457,0.06786195188760757,False,False,0,0,13.52923583984375,29.3056640625,13.52923583984375,0.3356782993024756,False
19,7,900019,4,1.0,60000,0.8,rand/2/bin,0.1844465732574463,0.39416712522506714,0.050000000019819024,1.0810514464974403,0.07336226105690002,0.011161242611706257,False,True,0,0,1.7069091796875,13.52923583984375,1.7069091796875,0.8990628511659715,False
19,7,900019,5,1.0,75000,0.75,rand/2/bin,0.1487102508544922,0.43694359064102173,0.05000000000001924,1.7045188397169113,0.041762590408325195,0.0027568440418690443,True,True,0,0,0.51727294921875,1.7069091796875,0.51727294921875,0.5184906405895946,False
19,7,900019,6,1.0,90000,0.7,best/1/bin,0.5211970210075378,0.6385695338249207,0.05000000000073302,0.4280602280050516,0.041700005531311035,1.4838297829555813e-05,True,True,0,0,0.4622802734375,0.51727294921875,0.4622802734375,0.04881440509154572,False
19,7,900019,7,1.0,105000,0.65,rand/2/bin,0.1367512196302414,0.5220731496810913,0.05000000000199845,2.757936403155327,0.041700005531311035,0.0004791139217559248,True,True,0,0,0.098876953125,0.4622802734375,0.098876953125,0.6698102517140719,False
19,7,900019,8,1.0,120000,0.6,rand/2/bin,0.16719284653663635,0.5594909191131592,0.05000000002466367,1.041263997554779,0.04170000180602074,0.0004283701709937304,True,True,0,0,0.07098388671875,0.098876953125,0.07098388671875,0.1439352825547835,False
19,7,900019,9,1.0,135000,0.55,best/1/bin,0.6378445029258728,0.6458939909934998,0.05000000012296155,0.6176931075751781,0.041700005531311035,0.004782463423907757,True,True,0,1,1.3988037109375,0.07098388671875,0.07098388671875,0.0,False
19,7,900019,10,1.0,150000,0.5,rand/2/bin,0.27083921432495117,0.7983285188674927,0.0500000000005237,0.283153384225443,0.041700005531311035,0.00113575195427984,True,True,1,2,0.1646728515625,0.07098388671875,0.07098388671875,0.0,False
19,7,900019,11,1.0,165000,0.45,best/1/bin,0.46647733449935913,0.4093194603919983,0.05000000000003018,1.6711891442537308,0.04170000180602074,0.0004316681297495961,True,True,2,3,0.32452392578125,0.07098388671875,0.07098388671875,0.0,False
19,7,900019,12,1.0,180000,0.4,best/1/bin,0.5207748413085938,0.3165024220943451,0.05000000000009648,0.6924541741609573,0.04169999808073044,0.0024115932174026966,True,True,3,4,0.42999267578125,0.07098388671875,0.07098388671875,0.0,False
19,7,900019,13,1.0,195000,0.35,current-to-best/1/bin,0.7117447853088379,0.5832613706588745,0.05000000000009309,1.9810062497854233,0.04170000180602074,0.0037785395979881287,True,True,4,5,0.52093505859375,0.07098388671875,0.07098388671875,0.0,False
19,7,900019,14,1.0,210000,0.3,current-to-best/1/bin,0.8914381861686707,0.4501695930957794,0.05000000000000015,1.9315768778324127,0.04170000180602074,0.036218900233507156,True,True,5,6,5.17388916015625,0.07098388671875,0.07098388671875,0.0,False
19,7,900019,15,1.0,225000,0.25,rand/2/bin,0.1974581480026245,0.6014436483383179,0.05000000000010565,0.2503538733108144,0.041700005531311035,0.0007416894659399986,True,True,6,7,0.0933837890625,0.07098388671875,0.07098388671875,0.0,False
19,7,900019,16,1.0,240000,0.2,best/1/bin,0.5569124221801758,0.33285441994667053,0.050000000000000364,1.4045764952898026,0.041700005531311035,0.0026683215983211994,True,True,7,8,0.30084228515625,0.07098388671875,0.07098388671875,0.0,False
19,7,900019,17,1.0,255000,0.15,best/1/bin,0.5951257944107056,0.34045061469078064,0.05000000000000002,0.9779442474246025,0.04170000180602074,0.006342381704598665,True,True,8,9,0.7950439453125,0.07098388671875,0.07098388671875,0.0,False
19,7,900019,18,1.0,270000,0.1,best/1/bin,0.5812622308731079,0.3104904294013977,0.05000000000003424,0.5978722013533115,0.041700005531311035,0.00737576000392437,True,True,9,10,1.15594482421875,0.07098388671875,0.07098388671875,0.0,False
19,7,900019,19,1.0,285000,0.05,best/1/bin,0.5892078280448914,0.3118206858634949,0.050000000000084616,0.4398312345147133,0.041700005531311035,0.004731963388621807,True,True,10,11,0.543212890625,0.07098388671875,0.07098388671875,0.0,True
20,7,900020,1,1.0,15000,0.95,rand/1/bin,0.46112874150276184,0.3825255334377289,0.050000004063593464,0.2503310517186037,0.05387389659881592,0.08670622855424881,True,False,0,0,32.1376953125,60.76129150390625,32.1376953125,-1.5070147291600937,False
20,7,900020,2,1.0,30000,0.9,rand/1/bin,0.408587783575058,0.5614625811576843,0.05000000000224802,2.998262196779251,0.25313740968704224,0.15610256791114807,False,True,0,0,29.3792724609375,32.1376953125,29.3792724609375,0.03897369215682178,False
20,7,900020,3,1.0,45000,0.85,rand/1/bin,0.3890451490879059,0.5170818567276001,0.0500000001335318,0.7907313145697117,0.12343517690896988,0.02825978770852089,False,False,0,0,4.95263671875,29.3792724609375,4.95263671875,0.7732045629447382,False
20,7,900020,4,1.0,60000,0.8,rand/2/bin,0.25278568267822266,0.5832856297492981,0.050000000000000246,0.25760200805962086,0.04169999808073044,0.001997011946514249,True,True,0,0,0.24462890625,4.95263671875,0.24462890625,1.3063286827418858,False
20,7,900020,5,1.0,75000,0.75,best/1/bin,0.53400057554245,0.6553166508674622,0.05000000000032561,0.30285093327984214,0.04169999808073044,0.001568491104990244,True,True,0,1,0.72979736328125,0.24462890625,0.24462890625,0.0,False
20,7,900020,6,1.0,90000,0.7,rand/2/bin,0.21015019714832306,0.6234568953514099,0.05000000002222701,1.4074766039848328,0.041700005531311035,0.0009186000097543001,True,True,1,0,0.142578125,0.24462890625,0.142578125,0.23445486171191765,False
20,7,900020,7,1.0,105000,0.65,best/1/bin,0.5817513465881348,0.6662870645523071,0.05000000004523071,0.364375751465559,0.04169999808073044,0.0005659137386828661,True,True,0,1,0.3939208984375,0.142578125,0.142578125,0.0,False
20,7,900020,8,1.0,120000,0.6,best/1/bin,0.42783260345458984,0.29687315225601196,0.050000000040375074,1.1943981125950813,0.041700005531311035,0.003031847532838583,True,True,1,2,0.3812255859375,0.142578125,0.142578125,0.0,False
20,7,900020,9,1.0,135000,0.55,best/1/bin,0.45911383628845215,0.2822284996509552,0.050000000040782415,1.0313312113285065,0.041700005531311035,0.002385796746239066,True,True,2,3,0.2969970703125,0.142578125,0.142578125,0.0,False
20,7,900020,10,1.0,150000,0.5,best/1/bin,0.45034298300743103,0.2979036271572113,0.050000000008231786,1.0825329720973969,0.04170000180602074,0.0015257784398272634,True,True,3,4,0.2491455078125,0.142578125,0.142578125,0.0,False
20,7,900020,11,1.0,165000,0.45,best/1/bin,0.5501440763473511,0.3467005789279938,0.0500000000046587,0.7800472341477871,0.04170000180602074,0.004408006556332111,True,True,4,5,0.67578125,0.142578125,0.142578125,0.0,False
20,7,900020,12,1.0,180000,0.4,rand/2/bin,0.18181468546390533,0.6502009034156799,0.0500000000001109,1.1235581263899803,0.04169999808073044,0.0002243275666842237,True,True,5,0,0.03466796875,0.142578125,0.03466796875,0.514124407916917,False
20,7,900020,13,1.0,195000,0.35,best/1/bin,0.6606476902961731,0.4586617350578308,0.05000000000103497,0.8935192115604877,0.04169999808073044,0.005975195672363043,True,True,0,1,0.8741455078125,0.03466796875,0.03466796875,0.0,False
20,7,900020,14,1.0,210000,0.3,current-to-best/1/bin,0.6028333306312561,0.5324376821517944,0.050000000000002424,2.6965935230255127,0.04169999808073044,0.000797535409219563,True,True,1,2,0.09307861328125,0.03466796875,0.03466796875,0.0,False
20,7,900020,15,1.0,225000,0.25,rand/2/bin,0.14567123353481293,0.5213472843170166,0.05000000000003329,1.2617926523089409,0.04170000180602074,0.00023502526164520532,True,True,2,3,0.0391845703125,0.03466796875,0.03466796875,0.0,False
20,7,900020,16,1.0,240000,0.2,rand/2/bin,0.0930541530251503,0.5149599313735962,0.05000000000000569,2.882570266723633,0.04170000180602074,0.00046218864736147225,True,True,3,4,0.15985107421875,0.03466796875,0.03466796875,0.0,False
20,7,900020,17,1.0,255000,0.15,rand/2/bin,0.10372350364923477,0.5054347515106201,0.05000000000000143,2.8583023250102997,0.041700005531311035,0.00032437138725072145,True,True,4,5,0.12017822265625,0.03466796875,0.03466796875,0.0,False
20,7,900020,18,1.0,270000,0.1,rand/2/bin,0.082363061606884,0.5169009566307068,0.05,2.93434277176857,0.04170000180602074,0.00044544602860696614,True,True,5,6,0.35772705078125,0.03466796875,0.03466796875,0.0,False
20,7,900020,19,1.0,285000,0.05,rand/2/bin,0.08913916349411011,0.5567653775215149,0.05000000000000001,2.871584177017212,0.04170000180602074,0.000963901577051729,True,True,6,7,0.531494140625,0.03466796875,0.03466796875,0.0,True
21,7,900021,1,1.0,15000,0.95,rand/2/bin,0.37493252754211426,0.35331153869628906,0.05000000040683622,0.2500020457967196,0.04965019226074219,0.09651771187782288,True,False,0,0,34.7713623046875,55.987548828125,34.7713623046875,-1.5412217063335645,False
21,7,900021,2,1.0,30000,0.9,rand/2/bin,0.22602805495262146,0.36482587456703186,0.050000000000846645,2.6519322097301483,0.24571871757507324,0.11556222289800644,False,True,0,0,22.43902587890625,34.7713623046875,22.43902587890625,0.19021770670199323,False
21,7,900021,3,1.0,45000,0.85,rand/1/bin,0.3394087255001068,0.5325467586517334,0.05000000037145309,1.401049666106701,0.16190841794013977,0.020883725956082344,False,True,0,0,3.00518798828125,22.43902587890625,3.00518798828125,0.873132353887728,False
21,7,900021,4,1.0,60000,0.8,rand/2/bin,0.2791759967803955,0.6292978525161743,0.05000000000074995,0.25602965557482094,0.04170000180602074,0.0027568875811994076,True,True,0,0,0.36138916015625,3.00518798828125,0.36138916015625,0.9198965119402167,False
21,7,900021,5,1.0,75000,0.75,best/1/bin,0.5383345484733582,0.6894403100013733,0.05000000000260587,0.3673403188586235,0.04169999808073044,0.0015995814464986324,True,True,0,1,1.0721435546875,0.36138916015625,0.36138916015625,0.0,False
21,7,900021,6,1.0,90000,0.7,rand/2/bin,0.23734219372272491,0.6799155473709106,0.05000000020593321,1.1816870868206024,0.04169999808073044,0.0014230248052626848,True,True,1,0,0.18756103515625,0.36138916015625,0.18756103515625,0.2848324896881507,False
21,7,900021,7,1.0,105000,0.65,best/1/bin,0.5736737251281738,0.6733927726745605,0.050000000082070964,0.5454527735710144,0.04170000180602074,0.00035035135806538165,True,True,0,1,0.43603515625,0.18756103515625,0.18756103515625,0.0,False
21,7,900021,8,1.0,120000,0.6,rand/2/bin,0.20266930758953094,0.632943868637085,0.05000000009051188,1.442638024687767,0.04169999808073044,0.0005759050836786628,True,True,1,0,0.089111328125,0.18756103515625,0.089111328125,0.3232096788906085,False
21,7,900021,9,1.0,135000,0.55,best/1/bin,0.691628098487854,0.6741132140159607,0.05000000005541951,0.2975663188844919,0.041700005531311035,0.003554678289219737,True,True,0,1,0.691650390625,0.089111328125,0.089111328125,0.0,False
21,7,900021,10,1.0,150000,0.5,current-to-best/1/bin,0.39125728607177734,0.7102302312850952,0.05000000000025232,2.8046631813049316,0.04170000180602074,0.0014767696848139167,True,True,1,2,0.77069091796875,0.089111328125,0.089111328125,0.0,False
21,7,900021,11,1.0,165000,0.45,rand/2/bin,0.22682327032089233,0.6567355990409851,0.05000000000691826,0.4309408310800791,0.041700005531311035,0.0005864611594006419,True,True,2,0,0.0880126953125,0.089111328125,0.0880126953125,0.005387594792669814,False
21,7,900021,12,1.0,180000,0.4,rand/2/bin,0.13271161913871765,0.5318382978439331,0.05000000001521383,0.38506510853767395,0.041700005531311035,0.000965913524851203,True,True,0,1,0.2041015625,0.0880126953125,0.0880126953125,0.0,False
21,7,900021,13,1.0,195000,0.35,best/1/bin,0.49597644805908203,0.35768428444862366,0.05000000025885391,1.1337828412652016,0.04169999808073044,0.0016726942267268896,True,True,1,2,0.30926513671875,0.0880126953125,0.0880126953125,0.0,False
21,7,900021,14,1.0,210000,0.3,current-to-best/1/bin,0.6024798154830933,0.5558452606201172,0.05000000000427191,2.037805959582329,0.04169999808073044,0.0007317879935726523,True,True,2,3,0.10589599609375,0.0880126953125,0.0880126953125,0.0,False
21,7,900021,15,1.0,225000,0.25,rand/2/bin,0.14013460278511047,0.5305966734886169,0.05000000000000623,1.2054968103766441,0.041700005531311035,0.001749305403791368,True,True,3,4,0.3486328125,0.0880126953125,0.0880126953125,0.0,False
21,7,900021,16,1.0,240000,0.2,current-to-best/1/bin,0.8340227603912354,0.4450085163116455,0.05000000000005761,1.4567770585417747,0.04169999808073044,0.023918455466628075,True,True,4,5,3.252197265625,0.0880126953125,0.0880126953125,0.0,False
21,7,900021,17,1.0,255000,0.15,rand/2/bin,0.18110615015029907,0.6541616320610046,0.05000000000000357,0.2555716711212881,0.04170000180602074,0.0003322377451695502,True,True,5,6,0.1295166015625,0.0880126953125,0.0880126953125,0.0,False
21,7,900021,18,1.0,270000,0.1,rand/2/bin,0.10030892491340637,0.6735063195228577,0.05000000000000001,2.6913804411888123,0.04170000180602074,0.00016336854605469853,True,True,6,7,0.12054443359375,0.0880126953125,0.0880126953125,0.0,False
21,7,900021,19,1.0,285000,0.05,rand/2/bin,0.09341797977685928,0.5281606912612915,0.050000000000000114,2.9694759994745255,0.04169999808073044,0.0006972089759074152,True,True,7,8,0.3258056640625,0.0880126953125,0.0880126953125,0.0,True
22,7,900022,1,1.0,15000,0.95,rand/1/bin,0.4871116280555725,0.3056185841560364,0.05000000010505127,0.2500696285333106,0.06750185042619705,0.11076477915048599,True,False,0,0,86.302734375,113.57684326171875,86.302734375,-1.9360245559643878,False
22,7,900022,2,1.0,30000,0.9,rand/1/bin,0.37611502408981323,0.5297718048095703,0.05,2.999911814928055,0.32204148173332214,0.17558448016643524,False,True,0,0,37.9136962890625,86.302734375,37.9136962890625,0.3572284290417169,False
22,7,900022,3,1.0,45000,0.85,best/1/bin,0.9961549639701843,0.4088421165943146,0.05,0.25000442879002094,0.047354474663734436,0.12834273278713226,True,False,0,0,24.99444580078125,37.9136962890625,24.99444580078125,0.1809526151194336,False
22,7,900022,4,1.0,60000,0.8,rand/2/bin,0.24637950956821442,0.5031585693359375,0.05000002954805041,1.7515459060668945,0.22459621727466583,0.07528094202280045,False,True,0,0,15.82574462890625,24.99444580078125,15.82574462890625,0.19847935804530237,False
22,7,900022,5,1.0,75000,0.75,current-to-best/1/bin,0.9925937056541443,0.4177083373069763,0.050000000033649496,0.4243081621825695,0.04199383035302162,0.06506701558828354,True,False,0,0,14.40997314453125,15.82574462890625,14.40997314453125,0.04070098202443151,False
22,7,900022,6,1.0,90000,0.7,rand/2/bin,0.20170733332633972,0.5055601596832275,0.05000000193882031,1.3711817264556885,0.08921870589256287,0.027377065271139145,False,True,0,0,5.8704833984375,14.40997314453125,5.8704833984375,0.3899893067767253,False
22,7,900022,7,1.0,105000,0.65,current-to-best/1/bin,0.9615743160247803,0.3231081962585449,0.050000000000412506,0.6104270592331886,0.041700005531311035,0.05592067539691925,True,True,0,1,8.36102294921875,5.8704833984375,5.8704833984375,0.0,False
22,7,900022,8,1.0,120000,0.6,best/1/bin,0.6233072876930237,0.26834091544151306,0.05000000011893071,0.2837027634959668,0.04170000180602074,0.03723817318677902,True,True,1,2,6.3092041015625,5.8704833984375,5.8704833984375,0.0,False
22,7,900022,9,1.0,135000,0.55,best/1/bin,0.4747176766395569,0.3043045997619629,0.050000000324376,1.6599503010511398,0.061816778033971786,0.013314633630216122,True,True,2,0,2.89971923828125,5.8704833984375,2.89971923828125,0.30631791354907917,False
22,7,900022,10,1.0,150000,0.5,rand/2/bin,0.19796836376190186,0.5997865200042725,0.0500000015887911,1.1352740377187729,0.041700005531311035,0.0013624441344290972,True,True,0,0,0.404052734375,2.89971923828125,0.404052734375,0.8559178905152756,False
22,7,900022,11,1.0,165000,0.45,rand/2/bin,0.15604962408542633,0.5323746800422668,0.05000000011764964,1.646358162164688,0.041700005531311035,0.0005444615380838513,True,True,0,0,0.15228271484375,0.404052734375,0.15228271484375,0.42378742170979133,False
22,7,900022,12,1.0,180000,0.4,rand/2/bin,0.1514894962310791,0.5355885028839111,0.05000000005595132,1.0198449417948723,0.04170000180602074,0.00029416108736768365,True,True,0,0,0.04656982421875,0.15228271484375,0.04656982421875,0.5145459472668694,False
22,7,900022,13,1.0,195000,0.35,rand/2/bin,0.1293925940990448,0.5354103446006775,0.050000000001767936,0.8222931697964668,0.04170000180602074,0.00030998073634691536,True,True,0,1,0.064453125,0.04656982421875,0.04656982421875,0.0,False
22,7,900022,14,1.0,210000,0.3,best/1/bin,0.5446692705154419,0.31310415267944336,0.050000000001613865,1.3223435878753662,0.04169999808073044,0.002192400861531496,True,True,1,2,0.26885986328125,0.04656982421875,0.04656982421875,0.0,False
22,7,900022,15,1.0,225000,0.25,best/1/bin,0.5621449947357178,0.3063710331916809,0.050000000000004007,0.37938545923680067,0.04170000180602074,0.005162364803254604,True,True,2,3,0.57135009765625,0.04656982421875,0.04656982421875,0.0,False
22,7,900022,16,1.0,240000,0.2,current-to-best/1/bin,0.7333945631980896,0.44741329550743103,0.05000000000006457,1.9281479865312576,0.041700005531311035,0.009304207749664783,True,True,3,4,1.18170166015625,0.04656982421875,0.04656982421875,0.0,False
22,7,900022,17,1.0,255000,0.15,best/1/bin,0.5629279017448425,0.2438327968120575,0.050000000000003854,0.28065101499669254,0.041700005531311035,0.010068335570394993,True,True,4,5,0.89434814453125,0.04656982421875,0.04656982421875,0.0,False
22,7,900022,18,1.0,270000,0.1,best/1/bin,0.6225698590278625,0.31424781680107117,0.050000000000000155,0.39142788480967283,0.04170000180602074,0.010480326600372791,True,True,5,6,1.16455078125,0.04656982421875,0.04656982421875,0.0,False
22,7,900022,19,1.0,285000,0.05,best/1/bin,0.6262996196746826,0.28169089555740356,0.05000000000000008,0.38884982373565435,0.041700005531311035,0.008639420382678509,True,True,6,7,0.78143310546875,0.04656982421875,0.04656982421875,0.0,True
23,7,900023,1,1.0,15000,0.95,rand/2/bin,0.43944111466407776,0.00722949905321002,0.05000000000021988,0.25004189569062873,0.08979032933712006,0.11825966089963913,True,False,0,0,100.65789794921875,149.35028076171875,100.65789794921875,-2.0028478567759618,False
23,7,900023,2,1.0,30000,0.9,rand/2/bin,0.2801469564437866,0.682429313659668,0.05000000000000001,2.9314872473478317,0.3393028974533081,0.20736479759216309,False,True,0,0,51.82733154296875,100.65789794921875,51.82733154296875,0.2882890079915046,False
23,7,900023,3,1.0,45000,0.85,current-to-best/1/bin,0.9952946305274963,0.49545425176620483,0.05000000075611822,0.28213453316129744,0.06011481583118439,0.14638377726078033,True,False,0,0,43.27191162109375,51.82733154296875,43.27191162109375,0.07835276725578155,False
23,7,900023,4,1.0,60000,0.8,rand/2/bin,0.24413403868675232,0.547610342502594,0.05000000028166367,1.7736895382404327,0.2555290758609772,0.08622243255376816,False,True,0,0,20.6597900390625,43.27191162109375,20.6597900390625,0.3210801777524759,False
23,7,900023,5,1.0,75000,0.75,rand/1/bin,0.2179691195487976,0.4591967463493347,0.050000000001799806,0.72218868881464,0.06270568817853928,0.024974165484309196,True,False,0,0,5.26531982421875,20.6597900390625,5.26531982421875,0.5937011468648494,False
23,7,900023,6,1.0,90000,0.7,rand/2/bin,0.221060112118721,0.616261899471283,0.050000000213683,0.42815923132002354,0.041700005531311035,0.0012574483407661319,True,True,0,0,0.15045166015625,5.26531982421875,0.15045166015625,1.5440277437277914,False
23,7,900023,7,1.0,105000,0.65,best/1/bin,0.5703003406524658,0.6832646727561951,0.05000000000000099,0.2723944417666644,0.041700005531311035,0.0022879191674292088,True,True,0,1,1.74993896484375,0.15045166015625,0.15045166015625,0.0,False
23,7,900023,8,1.0,120000,0.6,rand/2/bin,0.2639196515083313,0.7338315844535828,0.05000000005777091,0.5109413079917431,0.04169999808073044,0.0011685361387208104,True,True,1,2,0.16326904296875,0.15045166015625,0.15045166015625,0.0,False
23,7,900023,9,1.0,135000,0.55,best/1/bin,0.4797142744064331,0.4473251700401306,0.050000000001165404,1.6817685663700104,0.04170000180602074,0.0008708699024282396,True,True,2,3,0.4754638671875,0.15045166015625,0.15045166015625,0.0,False
23,7,900023,10,1.0,150000,0.5,rand/2/bin,0.20737232267856598,0.605374276638031,0.05000000011291059,1.8493008613586426,0.04170000180602074,0.0008601683075539768,True,True,3,0,0.1116943359375,0.15045166015625,0.1116943359375,0.029365823866459223,False
23,7,900023,11,1.0,165000,0.45,rand/2/bin,0.17498323321342468,0.5414722561836243,0.050000001814301115,0.5671937949955463,0.04170000180602074,0.0004816890286747366,True,True,0,0,0.08905029296875,0.1116943359375,0.08905029296875,0.09839578794981407,False
23,7,900023,12,1.0,180000,0.4,rand/2/bin,0.143278568983078,0.5542035698890686,0.05000000006712749,0.5094471406191587,0.041700005531311035,0.0012097464641556144,True,True,0,1,0.16180419921875,0.08905029296875,0.08905029296875,0.0,False
23,7,900023,13,1.0,195000,0.35,best/1/bin,0.518818736076355,0.38901984691619873,0.05000000015366276,1.1217460706830025,0.041700005531311035,0.0006997750606387854,True,True,1,2,0.11474609375,0.08905029296875,0.08905029296875,0.0,False
23,7,900023,14,1.0,210000,0.3,best/1/bin,0.5510739088058472,0.3623322546482086,0.05000000000571642,0.7037288323044777,0.04170000180602074,0.0011446747230365872,True,True,2,3,0.1463623046875,0.08905029296875,0.08905029296875,0.0,False
23,7,900023,15,1.0,225000,0.25,current-to-best/1/bin,0.7073307037353516,0.5003719329833984,0.05000000000749918,1.5440635606646538,0.04169999808073044,0.007180496118962765,True,True,3,4,1.014892578125,0.08905029296875,0.08905029296875,0.0,False
23,7,900023,16,1.0,240000,0.2,rand/2/bin,0.1761576235294342,0.671948254108429,0.05000000000000867,0.2732618963345885,0.04169999808073044,0.0001900807983474806,True,True,4,5,0.1363525390625,0.08905029296875,0.08905029296875,0.0,False
23,7,900023,17,1.0,255000,0.15,rand/2/bin,0.10666479915380478,0.6436743140220642,0.05000000000000008,2.6402324438095093,0.04169999808073044,0.000660026038531214,True,True,5,6,0.31536865234375,0.08905029296875,0.08905029296875,0.0,False
23,7,900023,18,1.0,270000,0.1,rand/2/bin,0.1224006861448288,0.5967638492584229,0.05000000000000038,2.8873017728328705,0.04169999808073044,0.00021286804985720664,True,True,6,7,0.12841796875,0.08905029296875,0.08905029296875,0.0,False
23,7,900023,19,1.0,285000,0.05,rand/2/bin,0.08431188762187958,0.4927622675895691,0.05000000000000003,2.950993523001671,0.04169999808073044,0.000457730726338923,True,True,7,8,0.2154541015625,0.08905029296875,0.08905029296875,0.0,True
24,7,900024,1,1.0,15000,0.95,rand/1/bin,0.46067705750465393,0.34337347745895386,0.050000000237085555,0.250233426795603,0.05857310816645622,0.10030759125947952,True,False,0,0,49.58660888671875,68.469970703125,49.58660888671875,-1.6953644090009332,False
24,7,900024,2,1.0,30000,0.9,rand/2/bin,0.2699952721595764,0.4843582510948181,0.050000000000022686,2.6442671567201614,0.2537629008293152,0.1594856083393097,False,True,0,0,35.72210693359375,49.58660888671875,35.72210693359375,0.14242734268725532,False
24,7,900024,3,1.0,45000,0.85,rand/1/bin,0.2856047451496124,0.4293898046016693,0.05000000002581374,1.1944518759846687,0.1893490105867386,0.08585880696773529,False,True,0,0,18.72125244140625,35.72210693359375,18.72125244140625,0.2806021666477221,False
24,7,900024,4,1.0,60000,0.8,rand/2/bin,0.3773426115512848,0.42107313871383667,0.050000000000200454,0.40976832062005997,0.04278334602713585,0.05765673890709877,True,False,0,0,12.27130126953125,18.72125244140625,12.27130126953125,0.18344428082204667,False
24,7,900024,5,1.0,75000,0.75,rand/2/bin,0.22571565210819244,0.549119770526886,0.05000002085947095,1.7390932887792587,0.10027044266462326,0.019391141831874847,False,True,0,0,3.37786865234375,12.27130126953125,3.37786865234375,0.5602478594372956,False
24,7,900024,6,1.0,90000,0.7,rand/2/bin,0.18676714599132538,0.5620036125183105,0.050000000002601616,1.258877545595169,0.04171972721815109,0.0018520895391702652,True,True,0,0,0.284423828125,3.37786865234375,0.284423828125,1.0746767667430783,False
24,7,900024,7,1.0,105000,0.65,best/1/bin,0.6106851696968079,0.6941379904747009,0.050000000000106626,0.2787219895981252,0.04169999808073044,0.0006160842604003847,True,True,0,1,0.4691162109375,0.284423828125,0.284423828125,0.0,False
24,7,900024,8,1.0,120000,0.6,rand/2/bin,0.20410741865634918,0.6294006705284119,0.050000000117501636,1.6349627822637558,0.04169999808073044,0.0005771580035798252,True,True,1,0,0.0816650390625,0.284423828125,0.0816650390625,0.5419297653474949,False
24,7,900024,9,1.0,135000,0.55,best/1/bin,0.6381039023399353,0.6969079971313477,0.050000000001523666,0.37718346528708935,0.041700005531311035,0.0027174041606485844,True,True,0,1,0.83746337890625,0.0816650390625,0.0816650390625,0.0,False
24,7,900024,10,1.0,150000,0.5,rand/2/bin,0.248240664601326,0.7268399596214294,0.05000000001484076,0.5685788374394178,0.04169999808073044,0.001981298206374049,True,True,1,2,0.2896728515625,0.0816650390625,0.0816650390625,0.0,False
24,7,900024,11,1.0,165000,0.45,best/1/bin,0.47086435556411743,0.39156290888786316,0.05000000000005272,1.5140282660722733,0.041700005531311035,0.0012513750698417425,True,True,2,3,0.62213134765625,0.0816650390625,0.0816650390625,0.0,False
24,7,900024,12,1.0,180000,0.4,best/1/bin,0.47384020686149597,0.2777508497238159,0.050000000000128046,0.4878517761826515,0.04170000180602074,0.008353040553629398,True,True,3,4,1.3343505859375,0.0816650390625,0.0816650390625,0.0,False
24,7,900024,13,1.0,195000,0.35,current-to-best/1/bin,0.6333256959915161,0.4816884994506836,0.0500000000023213,2.482448697090149,0.04170000180602074,0.0023338596802204847,True,True,4,5,0.20074462890625,0.0816650390625,0.0816650390625,0.0,False
24,7,900024,14,1.0,210000,0.3,rand/2/bin,0.14763830602169037,0.5856521129608154,0.05000000000000013,0.5115970615297556,0.04169999808073044,0.0010434879222884774,True,True,5,6,0.23968505859375,0.0816650390625,0.0816650390625,0.0,False
24,7,900024,15,1.0,225000,0.25,current-to-best/1/bin,0.8489527106285095,0.47770535945892334,0.050000000000022374,1.4252887591719627,0.04170000180602074,0.031659312546253204,True,True,6,7,4.876220703125,0.0816650390625,0.0816650390625,0.0,False
24,7,900024,16,1.0,240000,0.2,rand/1/bin,0.2574905753135681,0.5559271574020386,0.050000000007563876,0.528922826051712,0.04169999808073044,0.000697694777045399,True,True,7,8,0.108642578125,0.0816650390625,0.0816650390625,0.0,False
24,7,900024,17,1.0,255000,0.15,rand/1/bin,0.1859789490699768,0.5499927401542664,0.05000000000010728,0.2520937204390066,0.04170000180602074,0.00047909480053931475,True,True,8,9,0.093994140625,0.0816650390625,0.0816650390625,0.0,False
24,7,900024,18,1.0,270000,0.1,rand/1/bin,0.21187075972557068,0.5734604597091675,0.05000000000257975,0.2519350621587364,0.04169999808073044,0.0008248157100751996,True,True,9,10,0.13836669921875,0.0816650390625,0.0816650390625,0.0,False
24,7,900024,19,1.0,285000,0.05,current-to-best/1/bin,0.9071250557899475,0.43942901492118835,0.050000000000000135,1.3450933694839478,0.04169999808073044,0.04399339482188225,True,True,10,11,6.8702392578125,0.0816650390625,0.0816650390625,0.0,True
25,7,900025,1,1.0,15000,0.95,rand/1/bin,0.4350576400756836,0.2777058780193329,0.050000000197902836,0.2500729047428649,0.06839863210916519,0.10105159133672714,True,False,0,0,56.85247802734375,77.304443359375,56.85247802734375,-1.7547493990939347,False
25,7,900025,2,1.0,30000,0.9,rand/2/bin,0.25721853971481323,0.3857896327972412,0.050000000000001696,2.7753150910139084,0.2749573886394501,0.1344471275806427,False,True,0,0,23.6661376953125,56.85247802734375,23.6661376953125,0.3806220118930228,False
25,7,900025,3,1.0,45000,0.85,rand/2/bin,0.22057606279850006,0.42923954129219055,0.05000000000008932,0.5499005876481533,0.07451062649488449,0.0352238230407238,True,False,0,0,7.67828369140625,23.6661376953125,7.67828369140625,0.48886323257412323,False
25,7,900025,4,1.0,60000,0.8,rand/2/bin,0.2276323288679123,0.6258437633514404,0.05000000000057655,1.544597014784813,0.05483711510896683,0.013628898188471794,True,True,0,0,3.03411865234375,7.67828369140625,3.03411865234375,0.403231592878335,False
25,7,900025,5,1.0,75000,0.75,rand/2/bin,0.1651197224855423,0.5342963933944702,0.05000000000001192,2.0142453014850616,0.04169999808073044,0.0028452968690544367,True,True,0,0,0.78363037109375,3.03411865234375,0.78363037109375,0.5879212966442383,False
25,7,900025,6,1.0,90000,0.7,rand/2/bin,0.14593519270420074,0.5094560384750366,0.05000000000000118,2.0584637224674225,0.04169999808073044,0.0004972845199517906,True,True,0,0,0.0743408203125,0.78363037109375,0.0743408203125,1.022883857683717,False
25,7,900025,7,1.0,105000,0.65,best/1/bin,0.7127596735954285,0.7474810481071472,0.05000000000155211,0.25561914371792227,0.041700005531311035,0.002447269856929779,True,True,0,1,0.4207763671875,0.0743408203125,0.0743408203125,0.0,False
25,7,900025,8,1.0,120000,0.6,rand/2/bin,0.2331850230693817,0.7072151899337769,0.050000000014545555,0.7947830744087696,0.04169999808073044,0.0004656710079871118,True,True,1,2,0.07550048828125,0.0743408203125,0.0743408203125,0.0,False
25,7,900025,9,1.0,135000,0.55,best/1/bin,0.4851627051830292,0.4447544515132904,0.050000000004384204,1.5629528686404228,0.04169999808073044,0.0018424390582367778,True,True,2,3,0.5032958984375,0.0743408203125,0.0743408203125,0.0,False
25,7,900025,10,1.0,150000,0.5,rand/2/bin,0.21031378209590912,0.6752909421920776,0.050000000000291304,1.3517278209328651,0.041700005531311035,0.0004670635680668056,True,True,3,4,0.09197998046875,0.0743408203125,0.0743408203125,0.0,False
25,7,900025,11,1.0,165000,0.45,best/1/bin,0.5032050609588623,0.4237001836299896,0.050000000000011806,1.2001660391688347,0.041700005531311035,0.0011635742848739028,True,True,4,5,0.55145263671875,0.0743408203125,0.0743408203125,0.0,False
25,7,900025,12,1.0,180000,0.4,current-to-best/1/bin,0.8196247816085815,0.5708121061325073,0.05000000000000958,2.0133200138807297,0.04169999808073044,0.020763231441378593,True,True,5,6,2.83673095703125,0.0743408203125,0.0743408203125,0.0,False
25,7,900025,13,1.0,195000,0.35,rand/2/bin,0.2319716215133667,0.7862479090690613,0.05,0.250169895869476,0.04169999808073044,0.0004902504151687026,True,True,6,7,0.12139892578125,0.0743408203125,0.0743408203125,0.0,False
25,7,900025,14,1.0,210000,0.3,current-to-best/1/bin,0.7609841823577881,0.4941701292991638,0.050000000000001515,1.8329617083072662,0.04169999808073044,0.013027316890656948,True,True,7,8,1.63739013671875,0.0743408203125,0.0743408203125,0.0,False
25,7,900025,15,1.0,225000,0.25,rand/2/bin,0.1883079707622528,0.7152972221374512,0.05000000000000042,0.25768650381360203,0.041700005531311035,0.00043904854101128876,True,True,8,9,0.08685302734375,0.0743408203125,0.0743408203125,0.0,False
25,7,900025,16,1.0,240000,0.2,best/1/bin,0.5933688282966614,0.3182465732097626,0.050000000000000114,2.3253610879182816,0.041700005531311035,0.00435779569670558,True,True,9,10,0.4287109375,0.0743408203125,0.0743408203125,0.0,False
25,7,900025,17,1.0,255000,0.15,best/1/bin,0.626690149307251,0.33361703157424927,0.05000000000000001,0.5605152305215597,0.04170000180602074,0.009298368357121944,True,True,10,11,1.0047607421875,0.0743408203125,0.0743408203125,0.0,False
25,7,900025,18,1.0,270000,0.1,current-to-best/1/bin,0.7700379490852356,0.42971041798591614,0.050000000000005165,2.182989239692688,0.041700005531311035,0.022205939516425133,True,True,11,12,2.27227783203125,0.0743408203125,0.0743408203125,0.0,False
25,7,900025,19,1.0,285000,0.05,rand/2/bin,0.1781962364912033,0.6279935240745544,0.05000000000070852,0.2582042562426068,0.04170000180602074,0.0007643388235010207,True,True,12,13,0.12872314453125,0.0743408203125,0.0743408203125,0.0,True
26,7,900026,1,1.0,15000,0.95,best/1/bin,0.9999898076057434,0.25792446732521057,0.050000000262622524,0.2500538894705642,0.06059511378407478,0.1712084412574768,True,False,0,0,44.199951171875,66.97222900390625,44.199951171875,-1.6454217896781866,False
26,7,900026,2,1.0,30000,0.9,rand/2/bin,0.3223191499710083,0.4516447186470032,0.05000000028395886,1.846770703792572,0.3107468783855438,0.22915275394916534,False,True,0,1,48.0625,44.199951171875,44.199951171875,0.0,False
26,7,900026,3,1.0,45000,0.85,rand/2/bin,0.3845352530479431,0.42584872245788574,0.05000000101553146,0.25765500823035836,0.05961698666214943,0.10049963742494583,True,False,1,0,20.4471435546875,44.199951171875,20.4471435546875,0.33478914338570487,False
26,7,900026,4,1.0,60000,0.8,rand/1/bin,0.298478901386261,0.5181825160980225,0.05000000000155641,1.8309998363256454,0.18401482701301575,0.031177274882793427,False,True,0,0,6.89593505859375,20.4471435546875,6.89593505859375,0.4720394827281742,False
26,7,900026,5,1.0,75000,0.75,current-to-best/1/bin,0.9474785923957825,0.31537747383117676,0.05000000000003684,0.47475215420126915,0.041700005531311035,0.05141725763678551,True,True,0,1,7.84259033203125,6.89593505859375,6.89593505859375,0.0,False
26,7,900026,6,1.0,90000,0.7,rand/2/bin,0.26041877269744873,0.6738452315330505,0.050000002831024216,0.9635650813579559,0.050577592104673386,0.01036817952990532,True,True,1,0,2.249755859375,6.89593505859375,2.249755859375,0.48645777004658214,False
26,7,900026,7,1.0,105000,0.65,rand/1/bin,0.26877930760383606,0.49257877469062805,0.050000000934447425,0.5460818912833929,0.041700005531311035,0.0014857598580420017,True,True,0,0,0.156982421875,2.249755859375,0.156982421875,1.1562843408961123,False
26,7,900026,8,1.0,120000,0.6,best/1/bin,0.4846656024456024,0.569068968296051,0.05000000000000192,0.2511652082830551,0.04169999808073044,5.26270923728589e-05,True,True,0,1,0.76812744140625,0.156982421875,0.156982421875,0.0,False
26,7,900026,9,1.0,135000,0.55,rand/2/bin,0.1883956640958786,0.596469521522522,0.050000000013253734,1.6728236824274063,0.04170000180602074,0.001501525635831058,True,True,1,2,0.30255126953125,0.156982421875,0.156982421875,0.0,False
26,7,900026,10,1.0,150000,0.5,best/1/bin,0.4729498624801636,0.42763009667396545,0.050000000000536095,1.1461993157863617,0.04169999808073044,0.0011855970369651914,True,True,2,3,0.46661376953125,0.156982421875,0.156982421875,0.0,False
26,7,900026,11,1.0,165000,0.45,rand/2/bin,0.1887984424829483,0.6215894222259521,0.05000000001164469,1.2273122072219849,0.04169999808073044,0.00044400026672519743,True,True,3,0,0.07696533203125,0.156982421875,0.07696533203125,0.20955584891698573,False
26,7,900026,12,1.0,180000,0.4,rand/2/bin,0.15910691022872925,0.5510263442993164,0.050000000277624454,0.5114583298563957,0.041700005531311035,0.0004186359001323581,True,True,0,0,0.06317138671875,0.07696533203125,0.06317138671875,0.0857747244588265,False
26,7,900026,13,1.0,195000,0.35,rand/2/bin,0.151084765791893,0.5353400111198425,0.050000000279397105,0.36594522651284933,0.041700005531311035,0.00021476084657479078,True,True,0,0,0.04327392578125,0.06317138671875,0.04327392578125,0.1642940829990922,False
26,7,900026,14,1.0,210000,0.3,rand/2/bin,0.13858531415462494,0.5696343183517456,0.05000000001088759,0.610881794244051,0.04169999808073044,0.0014206201303750277,True,True,0,1,0.26702880859375,0.04327392578125,0.04327392578125,0.0,False
26,7,900026,15,1.0,225000,0.25,rand/2/bin,0.149013489484787,0.5068368911743164,0.05000000015772019,0.684238251298666,0.04170000180602074,0.0018100168090313673,True,True,1,2,0.31640625,0.04327392578125,0.04327392578125,0.0,False
26,7,900026,16,1.0,240000,0.2,current-to-best/1/bin,0.824772834777832,0.49744802713394165,0.05000000000105022,2.1537894904613495,0.041700005531311035,0.02695970982313156,True,True,2,3,3.59735107421875,0.04327392578125,0.04327392578125,0.0,False
26,7,900026,17,1.0,255000,0.15,rand/1/bin,0.26615625619888306,0.5681473016738892,0.05000000005352228,0.3131371564231813,0.041700005531311035,0.0012499893782660365,True,True,3,4,0.2281494140625,0.04327392578125,0.04327392578125,0.0,False
26,7,900026,18,1.0,270000,0.1,current-to-best/1/bin,0.9218831062316895,0.46000248193740845,0.05000000000000049,1.6381989121437073,0.041700005531311035,0.04242784157395363,True,True,4,5,6.4788818359375,0.04327392578125,0.04327392578125,0.0,False
26,7,900026,19,1.0,285000,0.05,rand/2/bin,0.18155507743358612,0.5610934495925903,0.05000000000038306,0.2500815516618786,0.04169999808073044,0.0009440724970772862,True,True,5,6,0.12628173828125,0.04327392578125,0.04327392578125,0.0,True
27,7,900027,1,1.0,15000,0.95,rand/1/bin,0.38783323764801025,0.630450427532196,0.05000000001200799,0.3028667252510786,0.07076986134052277,0.09342050552368164,True,False,0,0,24.00054931640625,64.3150634765625,24.00054931640625,-1.3802211819906385,False
27,7,900027,2,1.0,30000,0.9,rand/1/bin,0.28669700026512146,0.5196017622947693,0.05000000000000051,2.94133397936821,0.27294984459877014,0.04991549253463745,False,True,0,0,13.623779296875,24.00054931640625,13.623779296875,0.24592358216400667,False
27,7,900027,3,1.0,45000,0.85,rand/2/bin,0.3142186105251312,0.6349693536758423,0.050000000003223355,0.34304114151746035,0.041700005531311035,0.03733266890048981,True,False,0,0,7.19171142578125,13.623779296875,7.19171142578125,0.2774653466245527,False
27,7,900027,4,1.0,60000,0.8,rand/2/bin,0.17290830612182617,0.5269525647163391,0.05000000000022063,1.6740779429674149,0.0629737377166748,0.018481848761439323,True,True,0,0,5.865966796875,7.19171142578125,5.865966796875,0.08849265204677359,False
27,7,900027,5,1.0,75000,0.75,rand/2/bin,0.17548657953739166,0.5828323364257812,0.0500000000000327,2.5615118592977524,0.0521235391497612,0.006158575415611267,True,True,0,0,2.69488525390625,5.865966796875,2.69488525390625,0.3377993215446551,False
27,7,900027,6,1.0,90000,0.7,best/1/bin,0.7254171371459961,0.4467451274394989,0.05000000000247376,0.3678431110456586,0.041700005531311035,0.04470730200409889,True,True,0,1,8.9993896484375,2.69488525390625,2.69488525390625,0.0,False
27,7,900027,7,1.0,105000,0.65,rand/1/bin,0.3221776485443115,0.5790067315101624,0.05000020801252561,1.045943707227707,0.049170300364494324,0.011523041874170303,True,True,1,2,3.02960205078125,2.69488525390625,2.69488525390625,0.0,False
27,7,900027,8,1.0,120000,0.6,current-to-best/1/bin,0.7237862348556519,0.44093114137649536,0.05000000000883411,1.2329508885741234,0.041700005531311035,0.03871544450521469,True,False,2,3,6.44586181640625,2.69488525390625,2.69488525390625,0.0,False
27,7,900027,9,1.0,135000,0.55,current-to-best/1/bin,0.9644709825515747,0.5674879550933838,0.05000000560379943,0.3267635889351368,0.041700005531311035,0.05026606470346451,True,False,3,4,9.11859130859375,2.69488525390625,2.69488525390625,0.0,False
27,7,900027,10,1.0,150000,0.5,rand/2/bin,0.21119670569896698,0.6151253581047058,0.050000000004143196,0.5148838609457016,0.04170000180602074,0.002117066876962781,True,False,4,0,0.70404052734375,2.69488525390625,0.70404052734375,0.4829426138806744,False
27,7,900027,11,1.0,165000,0.45,rand/2/bin,0.14829973876476288,0.6157179474830627,0.05000000000009463,1.3446415439248085,0.04170000180602074,0.0007294833776541054,True,True,0,0,0.42047119140625,0.70404052734375,0.42047119140625,0.22386140994480802,False
27,7,900027,12,1.0,180000,0.4,rand/2/bin,0.16542208194732666,0.5923556089401245,0.05000000002858298,1.0985154509544373,0.041700005531311035,0.0010944727109745145,True,True,0,0,0.322998046875,0.42047119140625,0.322998046875,0.11453634611971075,False
27,7,900027,13,1.0,195000,0.35,rand/2/bin,0.15226326882839203,0.5776097774505615,0.05000000000267576,0.6620271280407906,0.041700005531311035,0.00033621833426877856,True,True,0,0,0.06634521484375,0.322998046875,0.06634521484375,0.6873902394150997,False
27,7,900027,14,1.0,210000,0.3,rand/2/bin,0.12778016924858093,0.5458519458770752,0.05000000000225789,0.707111295312643,0.04170000180602074,0.00048718706239014864,True,True,0,1,0.12725830078125,0.06634521484375,0.06634521484375,0.0,False
27,7,900027,15,1.0,225000,0.25,best/1/bin,0.4945257902145386,0.328104168176651,0.050000000050758796,1.5160759463906288,0.04169999808073044,0.0028389350045472383,True,True,1,2,0.28350830078125,0.06634521484375,0.06634521484375,0.0,False
27,7,900027,16,1.0,240000,0.2,best/1/bin,0.5837910175323486,0.3158149719238281,0.050000000000349744,0.42127293813973665,0.04169999808073044,0.005358332302421331,True,True,2,3,0.52001953125,0.06634521484375,0.06634521484375,0.0,False
27,7,900027,17,1.0,255000,0.15,current-to-best/1/bin,0.7553966641426086,0.43429091572761536,0.05000000000064663,2.0012398064136505,0.04170000180602074,0.012601285241544247,True,True,3,4,1.77374267578125,0.06634521484375,0.06634521484375,0.0,False
27,7,900027,18,1.0,270000,0.1,rand/2/bin,0.20685897767543793,0.647386908531189,0.050000000010455146,0.253774035256356,0.041700005531311035,0.0004754227411467582,True,True,4,5,0.06658935546875,0.06634521484375,0.06634521484375,0.0,False
27,7,900027,19,1.0,285000,0.05,rand/2/bin,0.07249274104833603,0.6754559278488159,0.05,2.941176787018776,0.041700005531311035,0.0006390391499735415,True,True,5,6,0.529541015625,0.06634521484375,0.06634521484375,0.0,True
28,7,900028,1,1.0,15000,0.95,rand/1/bin,0.4619419276714325,0.6643181443214417,0.050000000000000884,0.25474619038868695,0.05340670794248581,0.08978154510259628,True,False,0,0,26.3348388671875,49.58673095703125,26.3348388671875,-1.4205306655846166,False
28,7,900028,2,1.0,30000,0.9,rand/1/bin,0.2892003357410431,0.446244478225708,0.05000000000000012,2.952682316303253,0.2558448314666748,0.11288312822580338,False,True,0,0,19.8206787109375,26.3348388671875,19.8206787109375,0.12341214360332042,False
28,7,900028,3,1.0,45000,0.85,best/1/bin,0.9989045262336731,0.2356356978416443,0.05000000000000012,0.2549207110714633,0.04315689578652382,0.06993448734283447,True,False,0,0,17.13568115234375,19.8206787109375,17.13568115234375,0.06321714918463095,False
28,7,900028,4,1.0,60000,0.8,rand/2/bin,0.2588885426521301,0.5733559727668762,0.05000003356320342,1.7917774766683578,0.12530702352523804,0.05684605613350868,False,True,0,0,12.3375244140625,17.13568115234375,12.3375244140625,0.1426733473641537,False
28,7,900028,5,1.0,75000,0.75,best/1/bin,0.9151197075843811,0.21919700503349304,0.05000000112142246,0.28588362294249237,0.04169999808073044,0.0571393147110939,True,False,0,0,11.7364501953125,12.3375244140625,11.7364501953125,0.021691264923390463,False
28,7,900028,6,1.0,90000,0.7,rand/2/bin,0.25579285621643066,0.6369622349739075,0.05000001344073653,1.118539609014988,0.06391257792711258,0.01812259666621685,False,True,0,0,4.62353515625,11.7364501953125,4.62353515625,0.4045625953215988,False
28,7,900028,7,1.0,105000,0.65,best/1/bin,0.6050670146942139,0.45921388268470764,0.050000000000422415,0.7487084232270718,0.041700005531311035,0.005829732399433851,True,True,0,0,1.36004638671875,4.62353515625,1.36004638671875,0.5314204410119878,False
28,7,900028,8,1.0,120000,0.6,rand/2/bin,0.1757267266511917,0.5861685872077942,0.050000000016174516,1.7304006665945053,0.04170000180602074,0.000423311343183741,True,True,0,0,0.1610107421875,1.36004638671875,0.1610107421875,0.9266988452879127,False
28,7,900028,9,1.0,135000,0.55,best/1/bin,0.7158327698707581,0.7243265509605408,0.05000000000023214,0.2642863735090941,0.04169999808073044,0.003542537335306406,True,True,0,1,0.68304443359375,0.1610107421875,0.1610107421875,0.0,False
28,7,900028,10,1.0,150000,0.5,current-to-best/1/bin,0.346360981464386,0.6629880666732788,0.050000000000046105,2.6997968703508377,0.04170000180602074,0.0006201286450959742,True,True,1,2,0.32623291015625,0.1610107421875,0.1610107421875,0.0,False
28,7,900028,11,1.0,165000,0.45,rand/2/bin,0.19169144332408905,0.5898906588554382,0.050000000003100446,0.9876961559057236,0.04169999808073044,0.00044717808486893773,True,True,2,0,0.0716552734375,0.1610107421875,0.0716552734375,0.3516066606629017,False
28,7,900028,12,1.0,180000,0.4,rand/2/bin,0.15336750447750092,0.556108295917511,0.05000000010651975,0.44976311922073364,0.04169999808073044,0.0005620788433589041,True,True,0,1,0.09674072265625,0.0716552734375,0.0716552734375,0.0,False
28,7,900028,13,1.0,195000,0.35,best/1/bin,0.5318732857704163,0.39522144198417664,0.050000000031839874,1.3405191376805305,0.041700005531311035,0.002624988555908203,True,True,1,2,0.60394287109375,0.0716552734375,0.0716552734375,0.0,False
28,7,900028,14,1.0,210000,0.3,current-to-best/1/bin,0.656609058380127,0.521573007106781,0.0500000000030957,2.086849480867386,0.041700005531311035,0.0014635312836617231,True,True,2,3,0.19677734375,0.0716552734375,0.0716552734375,0.0,False
28,7,900028,15,1.0,225000,0.25,rand/2/bin,0.15082842111587524,0.5955017805099487,0.050000000000000405,0.8432093411684036,0.04170000180602074,0.0001553523470647633,True,True,3,0,0.0322265625,0.0716552734375,0.0322265625,0.24703410022377179,False
28,7,900028,16,1.0,240000,0.2,rand/1/bin,0.14732173085212708,0.42379578948020935,0.05000000000173763,0.471256447955966,0.041700005531311035,0.0013442288618534803,True,True,0,1,0.23876953125,0.0322265625,0.0322265625,0.0,False
28,7,900028,17,1.0,255000,0.15,best/1/bin,0.6690178513526917,0.31441545486450195,0.05000000000001357,0.7371729798614979,0.04170000180602074,0.012399240396916866,True,True,1,2,1.47027587890625,0.0322265625,0.0322265625,0.0,False
28,7,900028,18,1.0,270000,0.1,current-to-best/1/bin,0.2830047011375427,0.45149144530296326,0.05000000000120574,2.476294919848442,0.04183228686451912,0.003349518636241555,True,True,2,3,0.3709716796875,0.0322265625,0.0322265625,0.0,False
28,7,900028,19,1.0,285000,0.05,best/1/bin,0.5973576903343201,0.28217124938964844,0.050000000000154476,0.573854411020875,0.04169999808073044,0.00670674629509449,True,True,3,4,0.7550048828125,0.0322265625,0.0322265625,0.0,True
29,7,900029,1,1.0,15000,0.95,rand/1/bin,0.40754640102386475,0.29334864020347595,0.05000000332737418,0.250081825948655,0.05933420732617378,0.0943911001086235,True,False,0,0,47.08831787109375,67.94390869140625,47.08831787109375,-1.6729131765755096,False
29,7,900029,2,1.0,30000,0.9,rand/1/bin,0.3762890100479126,0.5606947541236877,0.050000000000000024,2.998537078499794,0.2758483588695526,0.09937352687120438,False,True,0,0,16.6021728515625,47.08831787109375,16.6021728515625,0.45274824516006373,False
29,7,900029,3,1.0,45000,0.85,best/1/bin,0.9424377679824829,0.2799898087978363,0.05000000003191752,0.2502886007714551,0.04174179583787918,0.0754418596625328,True,False,0,0,12.373779296875,16.6021728515625,12.373779296875,0.12766256554212396,False
29,7,900029,4,1.0,60000,0.8,rand/2/bin,0.27864593267440796,0.5930638909339905,0.05000034916433265,1.0476208627223969,0.0790344625711441,0.007283809594810009,False,True,0,0,1.03662109375,12.373779296875,1.03662109375,1.0768823198215964,False
29,7,900029,5,1.0,75000,0.75,best/1/bin,0.5642852187156677,0.6353234052658081,0.05000000000001243,0.2545506290043704,0.04170000180602074,0.00017007534916047007,True,True,0,0,0.24444580078125,1.03662109375,0.24444580078125,0.6274374471607124,False
29,7,900029,6,1.0,90000,0.7,rand/2/bin,0.1331687867641449,0.5337480902671814,0.050000000007208945,2.445974826812744,0.04170000180602074,0.0005781007348559797,True,True,0,0,0.17425537109375,0.24444580078125,0.17425537109375,0.14699640068200892,False
29,7,900029,7,1.0,105000,0.65,best/1/bin,0.5961937308311462,0.6591365337371826,0.050000000084148746,0.28230703598819673,0.04170000180602074,0.00023948270245455205,True,True,0,1,0.54510498046875,0.17425537109375,0.17425537109375,0.0,False
29,7,900029,8,1.0,120000,0.6,rand/2/bin,0.19070614874362946,0.64893639087677,0.05000000000079032,1.5481576099991798,0.041700005531311035,0.0009338250965811312,True,True,1,0,0.17095947265625,0.17425537109375,0.17095947265625,0.008293003277814903,False
29,7,900029,9,1.0,135000,0.55,rand/2/bin,0.17600490152835846,0.5758965015411377,0.050000000441893774,0.7175392620265484,0.04170000180602074,0.000343303574481979,True,True,0,0,0.051025390625,0.17095947265625,0.051025390625,0.5251067716745115,False
29,7,900029,10,1.0,150000,0.5,best/1/bin,0.6464473605155945,0.5799983739852905,0.050000000071217895,0.5631557833403349,0.04170000180602074,0.0010863271309062839,True,True,0,1,0.17840576171875,0.051025390625,0.051025390625,0.0,False
29,7,900029,11,1.0,165000,0.45,current-to-best/1/bin,0.26709169149398804,0.7319203615188599,0.050000000002648724,2.4562911689281464,0.04170000180602074,0.001966166077181697,True,True,1,2,0.588623046875,0.051025390625,0.051025390625,0.0,False
29,7,900029,12,1.0,180000,0.4,rand/2/bin,0.2257484793663025,0.6657320857048035,0.05000000000158031,0.34354730416089296,0.04169999808073044,0.0009777961531654,True,True,2,3,0.150390625,0.051025390625,0.051025390625,0.0,False
29,7,900029,13,1.0,195000,0.35,best/1/bin,0.5044608116149902,0.34294095635414124,0.05000000000031165,1.4256203547120094,0.04170000180602074,0.003103784751147032,True,True,3,4,0.36846923828125,0.051025390625,0.051025390625,0.0,False
29,7,900029,14,1.0,210000,0.3,current-to-best/1/bin,0.8142189383506775,0.5230473279953003,0.0500000000000096,1.7938357293605804,0.041700005531311035,0.026750506833195686,True,True,4,5,3.82037353515625,0.051025390625,0.051025390625,0.0,False
29,7,900029,15,1.0,225000,0.25,rand/2/bin,0.19432823359966278,0.6552848815917969,0.0500000000000789,0.25154355105769355,0.04170000180602074,0.00035141341504640877,True,True,5,6,0.068359375,0.051025390625,0.051025390625,0.0,False
29,7,900029,16,1.0,240000,0.2,rand/2/bin,0.10602519661188126,0.6248583197593689,0.05000000000000013,2.7849992215633392,0.041700005531311035,0.0002389163273619488,True,True,6,7,0.126953125,0.051025390625,0.051025390625,0.0,False
29,7,900029,17,1.0,255000,0.15,rand/2/bin,0.09672281891107559,0.5189531445503235,0.05000000000000002,2.9553940892219543,0.04170000180602074,0.0008754198788665235,True,True,7,8,0.223876953125,0.051025390625,0.051025390625,0.0,False
29,7,900029,18,1.0,270000,0.1,rand/2/bin,0.11107845604419708,0.575627326965332,0.050000000000000044,2.8833890110254288,0.04169999808073044,0.0002666365180630237,True,True,8,9,0.0738525390625,0.051025390625,0.051025390625,0.0,False
29,7,900029,19,1.0,285000,0.05,rand/2/bin,0.07786164432764053,0.5352360010147095,0.05,2.981952875852585,0.041700005531311035,0.0010617923690006137,True,True,9,10,0.42041015625,0.051025390625,0.051025390625,0.0,True
30,7,900030,1,1.0,15000,0.95,rand/1/bin,0.38225865364074707,0.2268216758966446,0.05000000001723533,0.2500357933513442,0.057242024689912796,0.07984170317649841,True,False,0,0,52.625,60.1243896484375,52.625,-1.721192108926251,False
30,7,900030,2,1.0,30000,0.9,rand/2/bin,0.288014680147171,0.5041711330413818,0.05,2.9733231961727142,0.23284313082695007,0.17375698685646057,False,True,0,0,39.19744873046875,52.625,39.19744873046875,0.1279343080791071,False
30,7,900030,3,1.0,45000,0.85,rand/2/bin,0.3944920003414154,0.45688164234161377,0.050000000003380826,0.2839568795170635,0.05085526406764984,0.07519534230232239,True,False,0,0,19.3104248046875,39.19744873046875,19.3104248046875,0.3074659728137239,False
30,7,900030,4,1.0,60000,0.8,rand/2/bin,0.21436581015586853,0.4367024004459381,0.05000000317588696,1.679448053240776,0.1260303556919098,0.05495373532176018,False,True,0,0,9.0631103515625,19.3104248046875,9.0631103515625,0.3285145596011315,False
30,7,900030,5,1.0,75000,0.75,rand/1/bin,0.2620618939399719,0.46029219031333923,0.05000000000002429,1.3394900932908058,0.07360997051000595,0.026266634464263916,False,True,0,0,4.9256591796875,9.0631103515625,4.9256591796875,0.26481290907344124,False
30,7,900030,6,1.0,90000,0.7,rand/1/bin,0.30726081132888794,0.5111404061317444,0.05000003214912816,1.182231031358242,0.04258977621793747,0.008750676177442074,True,True,0,0,1.46771240234375,4.9256591796875,1.46771240234375,0.5258233923127045,False
30,7,900030,7,1.0,105000,0.65,rand/2/bin,0.17894789576530457,0.5181387662887573,0.050000000002445706,1.2155925258994102,0.04170000180602074,0.0017594991950318217,True,True,0,0,0.28424072265625,1.46771240234375,0.28424072265625,0.71295465313004,False
30,7,900030,8,1.0,120000,0.6,best/1/bin,0.6441157460212708,0.6894037127494812,0.05000000017362794,0.3379312325268984,0.04169999808073044,0.0026658109854906797,True,True,0,1,0.71429443359375,0.28424072265625,0.28424072265625,0.0,False
30,7,900030,9,1.0,135000,0.55,rand/2/bin,0.23199385404586792,0.6704505681991577,0.05000000118597492,1.1563578099012375,0.04170000180602074,0.0007512315642088652,True,True,1,0,0.10064697265625,0.28424072265625,0.10064697265625,0.45088555441704514,False
30,7,900030,10,1.0,150000,0.5,best/1/bin,0.7143555283546448,0.665446400642395,0.050000000040069895,0.5497823655605316,0.04170000180602074,0.002076110802590847,True,True,0,1,0.38726806640625,0.10064697265625,0.10064697265625,0.0,False
30,7,900030,11,1.0,165000,0.45,current-to-best/1/bin,0.3894061744213104,0.6570793986320496,0.050000000023842556,2.430324599146843,0.041700005531311035,0.0018146579386666417,True,True,1,2,0.66162109375,0.10064697265625,0.10064697265625,0.0,False
30,7,900030,12,1.0,180000,0.4,rand/2/bin,0.21898019313812256,0.6351777911186218,0.050000000011553324,0.49777925573289394,0.04169999808073044,0.0005420154775492847,True,True,2,0,0.06793212890625,0.10064697265625,0.06793212890625,0.17072547052944564,False
30,7,900030,13,1.0,195000,0.35,rand/2/bin,0.14081789553165436,0.5353538990020752,0.05000000002237414,0.3538376661017537,0.04169999808073044,0.0005719756009057164,True,True,0,1,0.0848388671875,0.06793212890625,0.06793212890625,0.0,False
30,7,900030,14,1.0,210000,0.3,best/1/bin,0.5315866470336914,0.36935627460479736,0.05000000031478061,1.669468879699707,0.04169999808073044,0.005520391743630171,True,True,1,2,0.66827392578125,0.06793212890625,0.06793212890625,0.0,False
30,7,900030,15,1.0,225000,0.25,current-to-best/1/bin,0.7201403379440308,0.438954621553421,0.05000000000053064,1.9807267785072327,0.041700005531311035,0.009969208389520645,True,True,2,3,1.2613525390625,0.06793212890625,0.06793212890625,0.0,False
30,7,900030,16,1.0,240000,0.2,rand/2/bin,0.18713198602199554,0.6833540201187134,0.05000000000000407,0.25369731639511883,0.04170000180602074,0.0007265392341651022,True,True,3,4,0.12371826171875,0.06793212890625,0.06793212890625,0.0,False
30,7,900030,17,1.0,255000,0.15,current-to-best/1/bin,0.7891181707382202,0.4999399781227112,0.050000000000004874,1.473882257938385,0.041700005531311035,0.017284376546740532,True,True,4,5,2.59332275390625,0.06793212890625,0.06793212890625,0.0,False
30,7,900030,18,1.0,270000,0.1,rand/1/bin,0.24451100826263428,0.6162102818489075,0.05000000000032335,0.424698069691658,0.041700005531311035,0.0013641768600791693,True,True,5,6,0.39068603515625,0.06793212890625,0.06793212890625,0.0,False
30,7,900030,19,1.0,285000,0.05,best/1/bin,0.6483633518218994,0.2967112362384796,0.05000000000000004,1.9689165353775024,0.04169999808073044,0.010526804253458977,True,True,6,7,1.2349853515625,0.06793212890625,0.06793212890625,0.0,True
31,7,900031,1,1.0,15000,0.95,rand/2/bin,0.646899938583374,0.010441359132528305,0.05000000000000027,0.2500019718939086,0.08529837429523468,0.12581521272659302,True,False,0,0,68.246337890625,105.833740234375,68.246337890625,-1.8340793520905048,False
31,7,900031,2,1.0,30000,0.9,rand/2/bin,0.2793876826763153,0.5860192775726318,0.05000000000045621,2.8135842978954315,0.33430856466293335,0.1689874827861786,False,True,0,0,43.8001708984375,68.246337890625,43.8001708984375,0.192603546964339,False
31,7,900031,3,1.0,45000,0.85,rand/1/bin,0.3282424807548523,0.4652532637119293,0.05000000000398447,0.9920646771788597,0.16644138097763062,0.09229528158903122,False,True,0,0,23.38726806640625,43.8001708984375,23.38726806640625,0.2724963113476091,False
31,7,900031,4,1.0,60000,0.8,rand/2/bin,0.3174479901790619,0.48441070318222046,0.05000000000009426,0.26694321259856224,0.041700005531311035,0.0423358716070652,True,False,0,0,12.04669189453125,23.38726806640625,12.04669189453125,0.2881116904237895,False
31,7,900031,5,1.0,75000,0.75,rand/1/bin,0.3017100691795349,0.5473145842552185,0.05000000017069663,2.323238253593445,0.09835633635520935,0.052795231342315674,False,True,0,1,12.39617919921875,12.04669189453125,12.04669189453125,0.0,False
31,7,900031,6,1.0,90000,0.7,rand/1/bin,0.3137933015823364,0.5182192325592041,0.05000000004684243,2.0332372188568115,0.10734523087739944,0.044970136135816574,False,True,1,0,9.72442626953125,12.04669189453125,9.72442626953125,0.09300381505199873,False
31,7,900031,7,1.0,105000,0.65,rand/2/bin,0.3031649887561798,0.5959025621414185,0.05000000184938285,0.5972717888653278,0.04188968986272812,0.0338614359498024,True,True,0,0,7.0181884765625,9.72442626953125,7.0181884765625,0.14163896047713387,False
31,7,900031,8,1.0,120000,0.6,rand/1/bin,0.32561802864074707,0.5919501781463623,0.05000096498716858,1.0297942832112312,0.04299968481063843,0.007026405539363623,True,True,0,0,1.9766845703125,7.0181884765625,1.9766845703125,0.5502876533822398,False
31,7,900031,9,1.0,135000,0.55,rand/1/bin,0.23467716574668884,0.5369764566421509,0.050000000014996375,0.3476358111947775,0.04170000180602074,0.00238840957172215,True,True,0,0,0.8948974609375,1.9766845703125,0.8948974609375,0.3441640937160557,False
31,7,900031,10,1.0,150000,0.5,rand/2/bin,0.18787281215190887,0.6338759064674377,0.05000000004896308,1.364643655717373,0.04169999808073044,0.0013288437621667981,True,True,0,0,0.57806396484375,0.8948974609375,0.57806396484375,0.18979737589828205,False
31,7,900031,11,1.0,165000,0.45,rand/2/bin,0.16200938820838928,0.549629271030426,0.050000000001326594,1.28688745200634,0.04170000180602074,0.0017218462890014052,True,True,0,0,0.55999755859375,0.57806396484375,0.55999755859375,0.013789763445374359,False
31,7,900031,12,1.0,180000,0.4,rand/2/bin,0.17416514456272125,0.5512616634368896,0.05000000017122063,1.3642149418592453,0.041700005531311035,0.0009939295705407858,True,True,0,0,0.36181640625,0.55999755859375,0.36181640625,0.18969787370497504,False
31,7,900031,13,1.0,195000,0.35,rand/2/bin,0.1673840880393982,0.5918052792549133,0.05000000003679953,0.9723374471068382,0.041700005531311035,0.0006724487757310271,True,True,0,0,0.14190673828125,0.36181640625,0.14190673828125,0.40648521914425423,False
31,7,900031,14,1.0,210000,0.3,rand/2/bin,0.17038962244987488,0.5787012577056885,0.05000000115063359,0.5146972257643938,0.041700005531311035,0.00027415427030064166,True,True,0,0,0.0364990234375,0.14190673828125,0.0364990234375,0.5897216848538224,False
31,7,900031,15,1.0,225000,0.25,best/1/bin,0.7564395666122437,0.3932253420352936,0.05000000000200236,1.544493094086647,0.04169999808073044,0.014530741609632969,True,True,0,1,1.82769775390625,0.0364990234375,0.0364990234375,0.0,False
31,7,900031,16,1.0,240000,0.2,rand/2/bin,0.22751833498477936,0.6394647359848022,0.050000000257527724,0.25186026078881696,0.04170000180602074,0.001143257599323988,True,True,1,2,0.15972900390625,0.0364990234375,0.0364990234375,0.0,False
31,7,900031,17,1.0,255000,0.15,current-to-best/1/bin,0.787133514881134,0.5292819142341614,0.05000000000000902,1.989922285079956,0.041700005531311035,0.01365647278726101,True,True,2,3,1.70330810546875,0.0364990234375,0.0364990234375,0.0,False
31,7,900031,18,1.0,270000,0.1,rand/1/bin,0.2415347546339035,0.5365954041481018,0.0500000000094173,0.26888036320451647,0.041700005531311035,0.0005300221964716911,True,True,3,4,0.0699462890625,0.0364990234375,0.0364990234375,0.0,False
31,7,900031,19,1.0,285000,0.05,rand/1/bin,0.132966086268425,0.4004267454147339,0.05000000000000381,0.2501613527765585,0.041700005531311035,0.0012467463966459036,True,True,4,5,0.3001708984375,0.0364990234375,0.0364990234375,0.0,True
32,7,900032,1,1.0,15000,0.95,rand/1/bin,0.4891943633556366,0.5485745072364807,0.05000000000044145,0.25022746370814275,0.05679886043071747,0.11488045752048492,True,False,0,0,50.5697021484375,76.14276123046875,50.5697021484375,-1.703890395765667,False
32,7,900032,2,1.0,30000,0.9,rand/1/bin,0.34508106112480164,0.5450722575187683,0.05000000000000002,2.997063174843788,0.33260634541511536,0.10422911494970322,False,True,0,0,17.88177490234375,50.5697021484375,17.88177490234375,0.4514797718885608,False
32,7,900032,3,1.0,45000,0.85,rand/1/bin,0.35300248861312866,0.5456771850585938,0.05000000000106217,1.330198124051094,0.13864538073539734,0.05205296352505684,False,True,0,0,11.6136474609375,17.88177490234375,11.6136474609375,0.1874419848688147,False
32,7,900032,4,1.0,60000,0.8,best/1/bin,0.9938008785247803,0.23119309544563293,0.05000000004687863,0.33371019177138805,0.04169999808073044,0.05937279760837555,True,False,0,0,11.36859130859375,11.6136474609375,11.36859130859375,0.009261984387654021,False
32,7,900032,5,1.0,75000,0.75,rand/2/bin,0.24418069422245026,0.5682574510574341,0.05000005692537002,1.5283882543444633,0.09074470400810242,0.01995197683572769,False,True,0,0,3.54412841796875,11.36859130859375,3.54412841796875,0.506197203666467,False
32,7,900032,6,1.0,90000,0.7,rand/2/bin,0.1903270035982132,0.44317859411239624,0.05000000024094222,0.5206887293606997,0.04170000180602074,0.003674825420603156,True,True,0,0,0.55059814453125,3.54412841796875,0.55059814453125,0.8086746995420422,False
32,7,900032,7,1.0,105000,0.65,best/1/bin,0.5255751609802246,0.6379767656326294,0.05000000000000034,0.2668572429101914,0.04169999808073044,7.29799285181798e-05,True,True,0,1,0.6419677734375,0.55059814453125,0.55059814453125,0.0,False
32,7,900032,8,1.0,120000,0.6,rand/2/bin,0.19400139153003693,0.5678006410598755,0.050000002112419444,1.8460493236780167,0.04169999808073044,0.0004458115145098418,True,True,1,0,0.06683349609375,0.55059814453125,0.06683349609375,0.9158405065501731,False
32,7,900032,9,1.0,135000,0.55,best/1/bin,0.7105618119239807,0.73142009973526,0.050000000000374654,0.2678381110308692,0.04170000180602074,0.0032997021917253733,True,True,0,1,0.59442138671875,0.06683349609375,0.06683349609375,0.0,False
32,7,900032,10,1.0,150000,0.5,current-to-best/1/bin,0.3796669542789459,0.7022060751914978,0.05000000000008923,2.7211481481790543,0.041700005531311035,0.00198769080452621,True,True,1,2,0.925537109375,0.06683349609375,0.06683349609375,0.0,False
32,7,900032,11,1.0,165000,0.45,rand/2/bin,0.23784509301185608,0.6923661231994629,0.05000000000312189,0.31987350014969707,0.04170000180602074,0.0008038716623559594,True,True,2,3,0.12493896484375,0.06683349609375,0.06683349609375,0.0,False
32,7,900032,12,1.0,180000,0.4,best/1/bin,0.4859691262245178,0.3674676716327667,0.0500000000009423,1.8049698323011398,0.04170000180602074,0.0004625906003639102,True,True,3,4,0.12957763671875,0.06683349609375,0.06683349609375,0.0,False
32,7,900032,13,1.0,195000,0.35,best/1/bin,0.5443078279495239,0.35634997487068176,0.050000000000069524,0.8736166767776012,0.041700005531311035,0.003491789335384965,True,True,4,5,0.5780029296875,0.06683349609375,0.06683349609375,0.0,False
32,7,900032,14,1.0,210000,0.3,current-to-best/1/bin,0.8556585311889648,0.46600356698036194,0.050000000000000495,2.0383429378271103,0.04170000180602074,0.02791479416191578,True,True,5,6,3.15655517578125,0.06683349609375,0.06683349609375,0.0,False
32,7,900032,15,1.0,225000,0.25,rand/2/bin,0.21466265618801117,0.6957182288169861,0.05000000000000455,0.250971036075498,0.04169999808073044,0.0004030780983157456,True,True,6,0,0.05487060546875,0.06683349609375,0.05487060546875,-0.014345586724370613,False
32,7,900032,16,1.0,240000,0.2,rand/2/bin,0.14657896757125854,0.6040834188461304,0.0500000000164986,0.32248500967398286,0.041700005531311035,0.0007066083489917219,True,True,0,1,0.19451904296875,0.05487060546875,0.05487060546875,0.0,False
32,7,900032,17,1.0,255000,0.15,current-to-best/1/bin,0.7123990058898926,0.5075170993804932,0.050000000000370866,2.2355193495750427,0.04169999808073044,0.005109190009534359,True,True,1,2,0.7066650390625,0.05487060546875,0.05487060546875,0.0,False
32,7,900032,18,1.0,270000,0.1,rand/1/bin,0.24212351441383362,0.5508321523666382,0.05000000000100541,0.25158271164400503,0.04169999808073044,0.0005797248450107872,True,True,2,3,0.11163330078125,0.05487060546875,0.05487060546875,0.0,False
32,7,900032,19,1.0,285000,0.05,current-to-best/1/bin,0.9146407246589661,0.45799556374549866,0.050000000000002015,1.3048596680164337,0.041700005531311035,0.0440487340092659,True,True,3,4,7.06353759765625,0.05487060546875,0.05487060546875,0.0,True
33,7,900033,1,1.0,15000,0.95,rand/1/bin,0.42032527923583984,0.3115958571434021,0.05000000012498253,0.2502375092881266,0.05954144895076752,0.0900823175907135,True,False,0,0,55.01165771484375,86.40911865234375,55.01165771484375,-1.7404547322048955,False
33,7,900033,2,1.0,30000,0.9,rand/1/bin,0.37357762455940247,0.4963597059249878,0.05,2.999602183699608,0.26118773221969604,0.12671440839767456,False,True,0,0,26.94573974609375,55.01165771484375,26.94573974609375,0.30996462118584445,False
33,7,900033,3,1.0,45000,0.85,current-to-best/1/bin,0.9846537709236145,0.49159735441207886,0.05000000000001288,0.2806230627465993,0.04281724989414215,0.09042710810899734,True,False,0,0,21.6029052734375,26.94573974609375,21.6029052734375,0.09597794951081218,False
33,7,900033,4,1.0,60000,0.8,rand/1/bin,0.3398079574108124,0.573788046836853,0.05000000013683406,1.8852469325065613,0.17047744989395142,0.06578938663005829,False,True,0,0,15.0391845703125,21.6029052734375,15.0391845703125,0.15728787191957094,False
33,7,900033,5,1.0,75000,0.75,current-to-best/1/bin,0.8579919338226318,0.4454941749572754,0.05000003040175152,0.6442740634083748,0.04582608491182327,0.05628624185919762,True,True,0,0,11.85150146484375,15.0391845703125,11.85150146484375,0.10345091469138579,False
33,7,900033,6,1.0,90000,0.7,rand/2/bin,0.2242853194475174,0.5441570281982422,0.050000017697430725,0.9788062646985054,0.05572696775197983,0.01564512588083744,True,True,0,0,4.30291748046875,11.85150146484375,4.30291748046875,0.4400103564414247,False
33,7,900033,7,1.0,105000,0.65,best/1/bin,0.6806551814079285,0.49012619256973267,0.05000000000004867,0.5738686099648476,0.04169999808073044,0.03161438927054405,True,True,0,1,6.38677978515625,4.30291748046875,4.30291748046875,0.0,False
33,7,900033,8,1.0,120000,0.6,rand/2/bin,0.2566525936126709,0.6239290237426758,0.05000014858004107,0.8481380343437195,0.04204438999295235,0.011673612520098686,True,True,1,0,2.50390625,4.30291748046875,2.50390625,0.2351449525144218,False
33,7,900033,9,1.0,135000,0.55,rand/1/bin,0.26816609501838684,0.5594167709350586,0.05000000001332651,0.7825094498693943,0.04170000180602074,0.0013775303959846497,True,True,0,0,0.5474853515625,2.50390625,0.5474853515625,0.6602455542605488,False
33,7,900033,10,1.0,150000,0.5,best/1/bin,0.509212851524353,0.4412808120250702,0.0500000000102659,0.2625370272435248,0.04170000180602074,0.0028173390310257673,True,True,0,1,1.21197509765625,0.5474853515625,0.5474853515625,0.0,False
33,7,900033,11,1.0,165000,0.45,current-to-best/1/bin,0.32265645265579224,0.5361782312393188,0.05000000002410856,2.654727578163147,0.04170000180602074,0.0019026704831048846,True,True,1,2,0.75946044921875,0.5474853515625,0.5474853515625,0.0,False
33,7,900033,12,1.0,180000,0.4,rand/2/bin,0.19208204746246338,0.549607515335083,0.050000000045906205,0.9465307742357254,0.04170000180602074,0.003675046842545271,True,True,2,3,0.561767578125,0.5474853515625,0.5474853515625,0.0,False
33,7,900033,13,1.0,195000,0.35,best/1/bin,0.5080978870391846,0.4096982479095459,0.050000000000370116,1.230443187057972,0.041700005531311035,0.0005689291283488274,True,False,3,0,0.18505859375,0.5474853515625,0.18505859375,0.37106323054866375,False
33,7,900033,14,1.0,210000,0.3,rand/2/bin,0.1486634910106659,0.563603401184082,0.05000000001448451,1.8022619932889938,0.041700005531311035,0.00041504245018586516,True,True,0,0,0.07940673828125,0.18505859375,0.07940673828125,0.36745186917398054,False
33,7,900033,15,1.0,225000,0.25,rand/2/bin,0.14313755929470062,0.5530714988708496,0.05000000006312374,0.6974872387945652,0.04169999808073044,0.0005747551331296563,True,True,0,1,0.1019287109375,0.07940673828125,0.07940673828125,0.0,False
33,7,900033,16,1.0,240000,0.2,best/1/bin,0.5334530472755432,0.3229120969772339,0.050000000014438065,1.6987994313240051,0.04170000180602074,0.002828458556905389,True,True,1,2,0.46380615234375,0.07940673828125,0.07940673828125,0.0,False
33,7,900033,17,1.0,255000,0.15,best/1/bin,0.5643000602722168,0.30645638704299927,0.050000000000180594,0.553748419508338,0.04169999808073044,0.0022053238935768604,True,True,2,3,0.2254638671875,0.07940673828125,0.07940673828125,0.0,False
33,7,900033,18,1.0,270000,0.1,current-to-best/1/bin,0.8192378878593445,0.41154226660728455,0.050000000000003396,1.3777831494808197,0.041700005531311035,0.023993106558918953,True,True,3,4,3.5140380859375,0.07940673828125,0.07940673828125,0.0,False
33,7,900033,19,1.0,285000,0.05,rand/1/bin,0.2747214734554291,0.6419605612754822,0.05000000015297877,0.5589312389492989,0.041700005531311035,0.0004311563679948449,True,True,4,0,0.0634765625,0.07940673828125,0.0634765625,-0.0027560564628802686,True
34,7,900034,1,1.0,15000,0.95,rand/1/bin,0.4315449297428131,0.3773306608200073,0.050000000051063316,0.2501141793827628,0.05535789951682091,0.09172982722520828,True,False,0,0,31.75146484375,64.1162109375,31.75146484375,-1.5017637662650074,False
34,7,900034,2,1.0,30000,0.9,rand/1/bin,0.3177911043167114,0.4828825891017914,0.05000000000000258,2.958335667848587,0.26189351081848145,0.08044270426034927,False,True,0,0,16.9921875,31.75146484375,16.9921875,0.2715144743666349,False
34,7,900034,3,1.0,45000,0.85,best/1/bin,0.9603910446166992,0.27143344283103943,0.05000000001183445,0.25067886187753174,0.041700005531311035,0.06686742603778839,True,False,0,0,14.99774169921875,16.9921875,14.99774169921875,0.054223421980059694,False
34,7,900034,4,1.0,60000,0.8,rand/2/bin,0.2529332637786865,0.5651869177818298,0.050000030478215156,1.7515978664159775,0.11712484061717987,0.03351183608174324,False,True,0,0,6.54852294921875,14.99774169921875,6.54852294921875,0.35988251542245453,False
34,7,900034,5,1.0,75000,0.75,rand/2/bin,0.17905046045780182,0.5702935457229614,0.0500000000000242,1.5933366417884827,0.05410144105553627,0.0067080906592309475,True,True,0,0,2.577392578125,6.54852294921875,2.577392578125,0.40496277922376367,False
34,7,900034,6,1.0,90000,0.7,rand/2/bin,0.18389026820659637,0.5019088983535767,0.050000000001888804,1.3753199502825737,0.041700005531311035,0.002958322875201702,True,True,0,0,1.0274658203125,2.577392578125,1.0274658203125,0.3994131875011008,False
34,7,900034,7,1.0,105000,0.65,rand/2/bin,0.15348924696445465,0.4485774040222168,0.05000000000005359,2.0583116114139557,0.04170000180602074,0.007325214799493551,True,True,0,1,1.25,1.0274658203125,1.0274658203125,0.0,False
34,7,900034,8,1.0,120000,0.6,best/1/bin,0.4131886065006256,0.5244121551513672,0.050000000000554184,0.9006585143506527,0.041700005531311035,0.001503695617429912,True,True,1,2,1.60601806640625,1.0274658203125,1.0274658203125,0.0,False
34,7,900034,9,1.0,135000,0.55,current-to-best/1/bin,0.4988706111907959,0.4499768018722534,0.05000000035055893,2.204445257782936,0.04170000180602074,0.005667772609740496,True,False,2,0,0.87823486328125,1.0274658203125,0.87823486328125,0.06815670953130662,False
34,7,900034,10,1.0,150000,0.5,rand/2/bin,0.20725230872631073,0.6079735159873962,0.05000000004749703,0.7787275314331055,0.041700005531311035,0.0010965433903038502,True,True,0,0,0.19598388671875,0.87823486328125,0.19598388671875,0.6513902898092185,False
34,7,900034,11,1.0,165000,0.45,best/1/bin,0.6699919104576111,0.6126893162727356,0.05000000000535721,0.33107619546353817,0.04170000180602074,0.0028432034887373447,True,True,0,1,0.50225830078125,0.19598388671875,0.19598388671875,0.0,False
34,7,900034,12,1.0,180000,0.4,current-to-best/1/bin,0.3795337378978729,0.5722224712371826,0.050000000013610914,2.4695145040750504,0.04169999808073044,0.0006757238297723234,True,True,1,0,0.18292236328125,0.19598388671875,0.18292236328125,0.02995356103855007,False
34,7,900034,13,1.0,195000,0.35,rand/2/bin,0.19281108677387238,0.5980274677276611,0.050000000001057206,1.0160992071032524,0.041700005531311035,0.001026986399665475,True,True,0,0,0.17059326171875,0.18292236328125,0.17059326171875,0.030304929007322068,False
34,7,900034,14,1.0,210000,0.3,rand/2/bin,0.158535897731781,0.5636084675788879,0.050000000204663726,0.4111028779298067,0.04170000180602074,0.0004283480520825833,True,True,0,0,0.157958984375,0.17059326171875,0.157958984375,0.03341753818954163,False
34,7,900034,15,1.0,225000,0.25,rand/2/bin,0.1619689017534256,0.5949864387512207,0.05000000019266025,0.5264047980308533,0.04170000180602074,0.000809919205494225,True,True,0,1,0.1873779296875,0.157958984375,0.157958984375,0.0,False
34,7,900034,16,1.0,240000,0.2,best/1/bin,0.5128769278526306,0.33422473073005676,0.05000000015432423,1.5617721229791641,0.04170000180602074,0.0030456625390797853,True,True,1,2,0.43731689453125,0.157958984375,0.157958984375,0.0,False
34,7,900034,17,1.0,255000,0.15,best/1/bin,0.6019704341888428,0.3226882517337799,0.05000000000098801,0.6804087162017822,0.04170000180602074,0.005356023088097572,True,True,2,3,0.7508544921875,0.157958984375,0.157958984375,0.0,False
34,7,900034,18,1.0,270000,0.1,current-to-best/1/bin,0.7649836540222168,0.42487502098083496,0.05000000000247207,1.8437155336141586,0.041700005531311035,0.020408576354384422,True,True,3,4,2.66375732421875,0.157958984375,0.157958984375,0.0,False
34,7,900034,19,1.0,285000,0.05,current-to-best/1/bin,0.586773157119751,0.41222256422042847,0.0500000001657196,0.6966389492154121,0.04169999808073044,0.004210646729916334,True,True,4,5,0.4486083984375,0.157958984375,0.157958984375,0.0,True
35,7,900035,1,1.0,15000,0.95,current-to-best/1/bin,0.9941709637641907,0.5157960653305054,0.0500000000023915,0.2500464391978312,0.04744976386427879,0.13633908331394196,True,False,0,0,27.71600341796875,46.819580078125,27.71600341796875,-1.4427306063757537,False
35,7,900035,2,1.0,30000,0.9,rand/2/bin,0.2773642838001251,0.5084662437438965,0.05000000336907622,0.8796147368848324,0.11992586404085159,0.040173567831516266,False,True,0,0,7.73944091796875,27.71600341796875,7.73944091796875,0.5540210165801424,False
35,7,900035,3,1.0,45000,0.85,rand/2/bin,0.2104872167110443,0.6067708134651184,0.050000000000582016,1.2409004122018814,0.05056510493159294,0.0009978071320801973,True,False,0,0,0.13507080078125,7.73944091796875,0.13507080078125,1.7581480830109926,False
35,7,900035,4,1.0,60000,0.8,rand/2/bin,0.14542439579963684,0.4676942527294159,0.050000000000000586,0.7316296957433224,0.041700005531311035,0.0012062183814123273,True,True,0,1,0.1842041015625,0.13507080078125,0.13507080078125,0.0,False
35,7,900035,5,1.0,75000,0.75,best/1/bin,0.30865901708602905,0.4619573652744293,0.05000000000002241,1.7736320048570633,0.04170000180602074,0.0013842083280906081,True,True,1,2,2.35101318359375,0.13507080078125,0.13507080078125,0.0,False
35,7,900035,6,1.0,90000,0.7,rand/1/bin,0.20397162437438965,0.39057454466819763,0.050000000000000606,0.2579491010401398,0.041700005531311035,0.0030303322710096836,True,True,2,3,0.32568359375,0.13507080078125,0.13507080078125,0.0,False
35,7,900035,7,1.0,105000,0.65,best/1/bin,0.2971148192882538,0.21531212329864502,0.05000000000016528,1.2851183414459229,0.041700005531311035,0.005679347552359104,True,True,3,4,0.8492431640625,0.13507080078125,0.13507080078125,0.0,False
35,7,900035,8,1.0,120000,0.6,best/1/bin,0.43318137526512146,0.26597094535827637,0.0500000000015237,0.9374504573643208,0.041700005531311035,0.002982086269184947,True,True,4,5,0.31646728515625,0.13507080078125,0.13507080078125,0.0,False
35,7,900035,9,1.0,135000,0.55,best/1/bin,0.4340030252933502,0.3367372751235962,0.05000000000000725,1.1968010738492012,0.04169999808073044,0.003579065203666687,True,True,5,6,0.73858642578125,0.13507080078125,0.13507080078125,0.0,False
35,7,900035,10,1.0,150000,0.5,rand/2/bin,0.1993299424648285,0.6795608401298523,0.050000000000212326,1.2198031172156334,0.04169999808073044,0.0005505470326170325,True,True,6,7,0.1749267578125,0.13507080078125,0.13507080078125,0.0,False
35,7,900035,11,1.0,165000,0.45,best/1/bin,0.49952322244644165,0.3762378692626953,0.050000000000872576,1.4859918057918549,0.04169999808073044,0.0005071791238151491,True,True,7,0,0.078369140625,0.13507080078125,0.078369140625,0.13641636693100753,False
35,7,900035,12,1.0,180000,0.4,current-to-best/1/bin,0.1424286663532257,0.5940186381340027,0.05000000813004544,0.6610649190843105,0.04170000180602074,0.011600353755056858,True,True,0,1,0.619873046875,0.078369140625,0.078369140625,0.0,False
35,7,900035,13,1.0,195000,0.35,rand/2/bin,0.20860892534255981,0.670799970626831,0.050000000000125534,0.2658342479262501,0.04169999808073044,0.0008722803322598338,True,True,1,2,0.213134765625,0.078369140625,0.078369140625,0.0,False
35,7,900035,14,1.0,210000,0.3,current-to-best/1/bin,0.7335605025291443,0.4823930561542511,0.0500000000000364,1.7654398083686829,0.04170000180602074,0.00777681777253747,True,True,2,3,1.125732421875,0.078369140625,0.078369140625,0.0,False
35,7,900035,15,1.0,225000,0.25,rand/2/bin,0.17503009736537933,0.7095027565956116,0.0500000000000001,0.25577550689922646,0.04170000180602074,0.0005828951252624393,True,True,3,4,0.158935546875,0.078369140625,0.078369140625,0.0,False
35,7,900035,16,1.0,240000,0.2,current-to-best/1/bin,0.7951670289039612,0.4996243715286255,0.05000000000000453,1.646408811211586,0.041700005531311035,0.01978103443980217,True,True,4,5,2.57220458984375,0.078369140625,0.078369140625,0.0,False
35,7,900035,17,1.0,255000,0.15,rand/1/bin,0.2629891335964203,0.5386974811553955,0.05000000075242233,0.35466227028518915,0.04169999808073044,0.00047193499631248415,True,True,5,0,0.060546875,0.078369140625,0.060546875,0.012053335266538262,False
35,7,900035,18,1.0,270000,0.1,best/1/bin,0.8059093952178955,0.5346803069114685,0.05000000000015035,0.2661289848620072,0.041700005531311035,0.022576954215765,True,True,0,1,3.41693115234375,0.060546875,0.060546875,0.0,False
35,7,900035,19,1.0,285000,0.05,rand/1/bin,0.2833854556083679,0.5966251492500305,0.05000000004607524,1.0722416266798973,0.04169999808073044,0.0013571998570114374,True,True,1,2,0.2186279296875,0.060546875,0.060546875,0.0,True
36,7,900036,1,1.0,15000,0.95,rand/1/bin,0.3859044015407562,0.35044947266578674,0.05000003025303208,0.2505002033576602,0.05637742951512337,0.07201053947210312,True,False,0,0,43.16607666015625,66.673583984375,43.16607666015625,-1.6351425777752937,False
36,7,900036,2,1.0,30000,0.9,rand/2/bin,0.4034494459629059,0.2974361181259155,0.05000000000000035,2.7995831966400146,0.20159770548343658,0.2422875463962555,False,True,0,1,44.9295654296875,43.16607666015625,43.16607666015625,0.0,False
36,7,900036,3,1.0,45000,0.85,rand/1/bin,0.37470725178718567,0.5811614394187927,0.050000003820794885,0.49878520891070366,0.12084944546222687,0.07768809795379639,False,False,1,0,14.34820556640625,43.16607666015625,14.34820556640625,0.47834498729720454,False
36,7,900036,4,1.0,60000,0.8,rand/1/bin,0.26005277037620544,0.4476786255836487,0.05000000000000423,0.8548678420484066,0.0666867047548294,0.012143580242991447,True,True,0,0,2.61669921875,14.34820556640625,2.61669921875,0.739043784078567,False
36,7,900036,5,1.0,75000,0.75,rand/2/bin,0.20209522545337677,0.6446087956428528,0.05000000000040716,0.4346833284944296,0.041700005531311035,0.0015054445248097181,True,True,0,0,0.620849609375,2.61669921875,0.620849609375,0.6247673871964237,False
36,7,900036,6,1.0,90000,0.7,best/1/bin,0.5813901424407959,0.6772220730781555,0.050000000000482894,0.4598912484943867,0.041700005531311035,0.00015390189946629107,True,True,0,1,1.9681396484375,0.620849609375,0.620849609375,0.0,False
36,7,900036,7,1.0,105000,0.65,rand/2/bin,0.2190951257944107,0.7366176247596741,0.050000000000231325,1.02190450578928,0.04170000180602074,0.0008104837033897638,True,True,1,0,0.3433837890625,0.620849609375,0.3433837890625,0.25720661802215816,False
36,7,900036,8,1.0,120000,0.6,best/1/bin,0.5439823865890503,0.6286224126815796,0.05000000003675218,0.48269026540219784,0.041700005531311035,0.0002262881607748568,True,True,0,0,0.32427978515625,0.3433837890625,0.32427978515625,0.024859911174354377,False
36,7,900036,9,1.0,135000,0.55,rand/2/bin,0.15850408375263214,0.5523354411125183,0.05000000009248051,2.110031336545944,0.04170000180602074,0.00029084229026921093,True,True,0,0,0.07183837890625,0.32427978515625,0.07183837890625,0.6545633060045101,False
36,7,900036,10,1.0,150000,0.5,best/1/bin,0.7018314003944397,0.6115410327911377,0.050000000000725325,0.25145075321779586,0.041700005531311035,0.003289893502369523,True,True,0,1,0.48876953125,0.07183837890625,0.07183837890625,0.0,False
36,7,900036,11,1.0,165000,0.45,current-to-best/1/bin,0.4083663821220398,0.7235624194145203,0.05000000000034907,2.7251492589712143,0.04170000180602074,0.0011573112569749355,True,True,1,2,0.656982421875,0.07183837890625,0.07183837890625,0.0,False
36,7,900036,12,1.0,180000,0.4,rand/2/bin,0.18757635354995728,0.5913809537887573,0.05000000000059639,0.6331018097698689,0.041700005531311035,0.000652159156743437,True,True,2,3,0.14031982421875,0.07183837890625,0.07183837890625,0.0,False
36,7,900036,13,1.0,195000,0.35,best/1/bin,0.5289619565010071,0.3860487639904022,0.05000000000015254,1.0803924351930618,0.04170000180602074,0.0029268476646393538,True,True,3,4,0.59820556640625,0.07183837890625,0.07183837890625,0.0,False
36,7,900036,14,1.0,210000,0.3,best/1/bin,0.5980843901634216,0.3333110213279724,0.050000000000329,0.45663481391966343,0.04170000180602074,0.01006440632045269,True,True,4,5,1.314697265625,0.07183837890625,0.07183837890625,0.0,False
36,7,900036,15,1.0,225000,0.25,current-to-best/1/bin,0.8228464126586914,0.4796537160873413,0.050000000000050684,2.382231280207634,0.04170000180602074,0.023799249902367592,True,True,5,6,2.9603271484375,0.07183837890625,0.07183837890625,0.0,False
36,7,900036,16,1.0,240000,0.2,rand/2/bin,0.1909499615430832,0.7090312838554382,0.05000000000000841,0.2553275422542356,0.04169999808073044,0.000345009786542505,True,True,6,7,0.08038330078125,0.07183837890625,0.07183837890625,0.0,False
36,7,900036,17,1.0,255000,0.15,best/1/bin,0.6194140911102295,0.3185438811779022,0.050000000000001675,2.4205458909273148,0.04169999808073044,0.005055611487478018,True,True,7,8,0.549560546875,0.07183837890625,0.07183837890625,0.0,False
36,7,900036,18,1.0,270000,0.1,best/1/bin,0.5445086359977722,0.2786349654197693,0.0500000000000002,0.6460529677569866,0.04169999808073044,0.004158147145062685,True,True,8,9,0.49951171875,0.07183837890625,0.07183837890625,0.0,False
36,7,900036,19,1.0,285000,0.05,current-to-best/1/bin,0.8302040100097656,0.4063163697719574,0.050000000000001696,2.094077542424202,0.041700005531311035,0.03019009716808796,True,True,9,10,4.22991943359375,0.07183837890625,0.07183837890625,0.0,True
37,7,900037,1,1.0,15000,0.95,rand/2/bin,0.4584212899208069,0.013644745573401451,0.050000000009681723,0.2500476021941722,0.06155818700790405,0.07849176228046417,True,False,0,0,51.647705078125,71.8502197265625,51.647705078125,-1.7130510288622922,False
37,7,900037,2,1.0,30000,0.9,rand/2/bin,0.2822837233543396,0.5896117091178894,0.05000000000000131,2.9223241955041885,0.2210981845855713,0.15641267597675323,False,True,0,0,41.70184326171875,51.647705078125,41.70184326171875,0.09289577712489416,False
37,7,900037,3,1.0,45000,0.85,rand/2/bin,0.26091670989990234,0.41531047224998474,0.05000000000000024,0.3203264628536999,0.05159585922956467,0.05897989124059677,True,False,0,0,25.08477783203125,41.70184326171875,25.08477783203125,0.22074499259276958,False
37,7,900037,4,1.0,60000,0.8,rand/2/bin,0.2733651399612427,0.6377478241920471,0.05000000000015335,2.8997858613729477,0.16928735375404358,0.04736929386854172,False,True,0,0,8.42987060546875,25.08477783203125,8.42987060546875,0.4735893501686622,False
37,7,900037,5,1.0,75000,0.75,rand/2/bin,0.21781200170516968,0.4594377875328064,0.05000000000001937,1.4052375555038452,0.06656511127948761,0.00366292055696249,False,True,0,0,0.4656982421875,8.42987060546875,0.4656982421875,1.2577163009911598,False
37,7,900037,6,1.0,90000,0.7,best/1/bin,0.6279967427253723,0.713415801525116,0.05000000000000001,0.25287575644324534,0.04169999808073044,0.0003769330505747348,True,True,0,0,0.19464111328125,0.4656982421875,0.19464111328125,0.37887000572500773,False
37,7,900037,7,1.0,105000,0.65,rand/2/bin,0.15863563120365143,0.5581979155540466,0.05000000102382243,2.191873475909233,0.04169999808073044,0.000410369219025597,True,True,0,0,0.06573486328125,0.19464111328125,0.06573486328125,0.47143877218995656,False
37,7,900037,8,1.0,120000,0.6,best/1/bin,0.6849898099899292,0.710124135017395,0.050000000002493196,0.3155368189327419,0.041700005531311035,0.002990070730447769,True,True,0,1,0.6566162109375,0.06573486328125,0.06573486328125,0.0,False
37,7,900037,9,1.0,135000,0.55,current-to-best/1/bin,0.3777022063732147,0.7444112300872803,0.0500000000001014,2.76899690926075,0.04170000180602074,0.0004926732508465648,True,True,1,2,0.5252685546875,0.06573486328125,0.06573486328125,0.0,False
37,7,900037,10,1.0,150000,0.5,rand/2/bin,0.19941452145576477,0.6052136421203613,0.05000000000065203,0.789216186851263,0.04170000180602074,0.0009607564425095916,True,True,2,3,0.14385986328125,0.06573486328125,0.06573486328125,0.0,False
37,7,900037,11,1.0,165000,0.45,best/1/bin,0.4509248733520508,0.36198341846466064,0.050000000000047916,1.382059060037136,0.04170000180602074,0.0011085266014561057,True,True,3,4,0.40130615234375,0.06573486328125,0.06573486328125,0.0,False
37,7,900037,12,1.0,180000,0.4,best/1/bin,0.5412217378616333,0.3192424476146698,0.05000000000016486,0.6219449639320374,0.04169999808073044,0.0034244779963046312,True,True,4,5,0.30926513671875,0.06573486328125,0.06573486328125,0.0,False
37,7,900037,13,1.0,195000,0.35,current-to-best/1/bin,0.8150172829627991,0.5646167993545532,0.05000000000000081,1.8321416527032852,0.041700005531311035,0.019917242228984833,True,True,5,6,3.172607421875,0.06573486328125,0.06573486328125,0.0,False
37,7,900037,14,1.0,210000,0.3,rand/2/bin,0.20316505432128906,0.6653283834457397,0.05000000000006415,0.2537261403922457,0.04170000180602074,0.0004243009025231004,True,True,6,0,0.0638427734375,0.06573486328125,0.0638427734375,-0.0873159831913001,False
37,7,900037,15,1.0,225000,0.25,rand/2/bin,0.15080703794956207,0.602875292301178,0.05000000004743783,0.3614827012643218,0.04170000180602074,0.0008089917828328907,True,True,0,1,0.200439453125,0.0638427734375,0.0638427734375,0.0,False
37,7,900037,16,1.0,240000,0.2,current-to-best/1/bin,0.6579446792602539,0.4911525845527649,0.05000000000414587,1.817482441663742,0.041700005531311035,0.002202374394983053,True,True,1,2,0.31719970703125,0.0638427734375,0.0638427734375,0.0,False
37,7,900037,17,1.0,255000,0.15,rand/2/bin,0.16241320967674255,0.5897650718688965,0.05000000000003584,0.3047613366506994,0.04169999808073044,0.00041449538548476994,True,True,2,0,0.05682373046875,0.0638427734375,0.05682373046875,0.05058199514717798,False
37,7,900037,18,1.0,270000,0.1,best/1/bin,0.7140964865684509,0.3453902304172516,0.050000000001683496,1.4760114029049873,0.04169999808073044,0.01825283281505108,True,True,0,1,2.552734375,0.05682373046875,0.05682373046875,0.0,False
37,7,900037,19,1.0,285000,0.05,current-to-best/1/bin,0.2646966576576233,0.4443112313747406,0.05000000000068023,2.0604357570409775,0.04361769184470177,0.0026515061035752296,True,True,1,2,0.25836181640625,0.05682373046875,0.05682373046875,0.0,True
38,7,900038,1,1.0,15000,0.95,rand/1/bin,0.46486756205558777,0.48224303126335144,0.05000000005030887,0.2501108314463636,0.06467188894748688,0.1134026050567627,True,False,0,0,59.3369140625,78.11102294921875,59.3369140625,-1.7733249562690934,False
38,7,900038,2,1.0,30000,0.9,rand/1/bin,0.3458218574523926,0.5382606983184814,0.05,2.9988844096660614,0.33009251952171326,0.20362013578414917,False,True,0,0,49.4898681640625,59.3369140625,49.4898681640625,0.0788086592846391,False
38,7,900038,3,1.0,45000,0.85,rand/2/bin,0.4264116585254669,0.329785019159317,0.050000000000326776,0.25008822830113786,0.05240284278988838,0.11200136691331863,True,False,0,0,30.8358154296875,49.4898681640625,30.8358154296875,0.2054608593421563,False
38,7,900038,4,1.0,60000,0.8,rand/2/bin,0.22049978375434875,0.4664350152015686,0.05000000022781472,1.8602118790149689,0.2071380913257599,0.07794099301099777,False,True,0,0,14.95062255859375,30.8358154296875,14.95062255859375,0.31439615986644487,False
38,7,900038,5,1.0,75000,0.75,rand/2/bin,0.24846409261226654,0.4930058419704437,0.050000000000013194,0.3148564528673887,0.04169999808073044,0.02468494139611721,True,False,0,0,5.2296142578125,14.95062255859375,5.2296142578125,0.45618962094270754,False
38,7,900038,6,1.0,90000,0.7,current-to-best/1/bin,0.9195656776428223,0.3585629463195801,0.05000000000154859,1.0490970611572266,0.04169999808073044,0.051455941051244736,True,True,0,1,9.52862548828125,5.2296142578125,5.2296142578125,0.0,False
38,7,900038,7,1.0,105000,0.65,best/1/bin,0.590225875377655,0.3351059854030609,0.05000000149904459,0.4606118705123663,0.04170000180602074,0.017478743568062782,True,True,1,0,2.45245361328125,5.2296142578125,2.45245361328125,0.32886885335750143,False
38,7,900038,8,1.0,120000,0.6,best/1/bin,0.48456794023513794,0.39439529180526733,0.05000000443940764,1.4248100519180298,0.041700005531311035,0.0006513349362649024,True,True,0,0,0.32794189453125,2.45245361328125,0.32794189453125,0.8738038889596557,False
38,7,900038,9,1.0,135000,0.55,rand/2/bin,0.1492856740951538,0.5263953804969788,0.0500000000368534,2.3084787279367447,0.041700005531311035,0.0005138581618666649,True,True,0,0,0.07470703125,0.32794189453125,0.07470703125,0.6424353778691736,False
38,7,900038,10,1.0,150000,0.5,rand/2/bin,0.15156058967113495,0.5085620880126953,0.050000000011340216,1.1070943176746368,0.04170000180602074,0.0009771028999239206,True,True,0,1,0.1165771484375,0.07470703125,0.07470703125,0.0,False
38,7,900038,11,1.0,165000,0.45,best/1/bin,0.4657769203186035,0.3828279674053192,0.050000000051183845,1.3780159056186676,0.04169999808073044,0.0005323899094946682,True,True,1,2,0.2789306640625,0.07470703125,0.07470703125,0.0,False
38,7,900038,12,1.0,180000,0.4,best/1/bin,0.5198222398757935,0.30571621656417847,0.05000000000041086,0.465000594034791,0.041700005531311035,0.0049609229899942875,True,True,2,3,0.90435791015625,0.07470703125,0.07470703125,0.0,False
38,7,900038,13,1.0,195000,0.35,current-to-best/1/bin,0.602722704410553,0.5620160102844238,0.05000000000076514,2.458370730280876,0.04169999808073044,0.00043400964932516217,True,True,3,0,0.07379150390625,0.07470703125,0.07379150390625,-0.09464488377248262,False
38,7,900038,14,1.0,210000,0.3,rand/2/bin,0.15768778324127197,0.5554601550102234,0.05000000000005727,0.4948818515986204,0.04170000180602074,0.0013935677707195282,True,True,0,1,0.35626220703125,0.07379150390625,0.07379150390625,0.0,False
38,7,900038,15,1.0,225000,0.25,current-to-best/1/bin,0.7001586556434631,0.45041513442993164,0.050000000008115254,1.9817097634077072,0.041700005531311035,0.004110858775675297,True,True,1,2,0.4188232421875,0.07379150390625,0.07379150390625,0.0,False
38,7,900038,16,1.0,240000,0.2,rand/2/bin,0.17900386452674866,0.637017011642456,0.05000000000001216,0.2785672277677804,0.04170000180602074,0.00030683036311529577,True,True,2,3,0.09124755859375,0.07379150390625,0.07379150390625,0.0,False
38,7,900038,17,1.0,255000,0.15,rand/2/bin,0.10678611695766449,0.6278855204582214,0.05000000000000049,2.507924184203148,0.04169999808073044,0.00019292008073534817,True,True,3,4,0.148681640625,0.07379150390625,0.07379150390625,0.0,False
38,7,900038,18,1.0,270000,0.1,rand/2/bin,0.09884484857320786,0.5378709435462952,0.05000000000000022,2.945684716105461,0.041700005531311035,0.00039191037649288774,True,True,4,5,0.14056396484375,0.07379150390625,0.07379150390625,0.0,False
38,7,900038,19,1.0,285000,0.05,rand/2/bin,0.08714066445827484,0.589672327041626,0.05,2.9818238765001297,0.04170000180602074,0.00029909415752626956,True,True,5,6,0.20086669921875,0.07379150390625,0.07379150390625,0.0,True
39,7,900039,1,1.0,15000,0.95,rand/1/bin,0.4034408628940582,0.4579765498638153,0.05000000028221166,0.25047567938963766,0.059662189334630966,0.08879052102565765,True,False,0,0,45.24029541015625,74.6331787109375,45.24029541015625,-1.6555254322155044,False
39,7,900039,2,1.0,30000,0.9,rand/1/bin,0.39905789494514465,0.5789644718170166,0.05,2.9999385327100754,0.2558353841304779,0.15998409688472748,False,True,0,0,32.15380859375,45.24029541015625,32.15380859375,0.14829300992797112,False
39,7,900039,3,1.0,45000,0.85,rand/2/bin,0.4094831347465515,0.4363313317298889,0.05000000000000402,0.25578867306467146,0.04588785022497177,0.08263815939426422,True,False,0,0,17.2691650390625,32.15380859375,17.2691650390625,0.26996108201890157,False
39,7,900039,4,1.0,60000,0.8,rand/2/bin,0.27194491028785706,0.5255997776985168,0.05000000034481538,1.1278155967593193,0.09320059418678284,0.016973944380879402,False,True,0,0,2.73779296875,17.2691650390625,2.73779296875,0.7998707348876363,False
39,7,900039,5,1.0,75000,0.75,rand/1/bin,0.24411900341510773,0.39776307344436646,0.05000000000114347,0.3226050962693989,0.04169999808073044,0.0020316317677497864,True,True,0,0,0.2509765625,2.73779296875,0.2509765625,1.0377674213853285,False
39,7,900039,6,1.0,90000,0.7,best/1/bin,0.4933389127254486,0.5116363763809204,0.050000000000360804,0.25985914521152154,0.041700005531311035,0.0001035149980452843,True,True,0,0,0.2149658203125,0.2509765625,0.2149658203125,0.06726375145719099,False
39,7,900039,7,1.0,105000,0.65,rand/2/bin,0.1615196019411087,0.5427869558334351,0.050000001121441644,1.4005058035254478,0.04169999808073044,0.0010834366548806429,True,True,0,0,0.17755126953125,0.2149658203125,0.17755126953125,0.08304562612692468,False
39,7,900039,8,1.0,120000,0.6,best/1/bin,0.5597504377365112,0.6374749541282654,0.050000000588979916,0.5745799709111452,0.041700005531311035,9.963401680579409e-05,True,True,0,1,0.857421875,0.17755126953125,0.17755126953125,0.0,False
39,7,900039,9,1.0,135000,0.55,rand/2/bin,0.21110321581363678,0.6444424986839294,0.050000000039171995,1.1978203654289246,0.04170000180602074,0.0005101441638544202,True,True,1,0,0.0712890625,0.17755126953125,0.0712890625,0.3963008420106996,False
39,7,900039,10,1.0,150000,0.5,best/1/bin,0.6999019384384155,0.6498907208442688,0.05000000003118018,0.48654397763311863,0.04169999808073044,0.004317435435950756,True,True,0,1,0.7445068359375,0.0712890625,0.0712890625,0.0,False
39,7,900039,11,1.0,165000,0.45,current-to-best/1/bin,0.46044352650642395,0.6731815934181213,0.05000000000002157,2.8541968017816544,0.04169999808073044,0.0005379835492931306,True,True,1,2,0.21527099609375,0.0712890625,0.0712890625,0.0,False
39,7,900039,12,1.0,180000,0.4,rand/2/bin,0.16346757113933563,0.5106852054595947,0.050000000000191024,1.0199546813964844,0.041700005531311035,0.002241658978164196,True,True,2,3,0.35955810546875,0.0712890625,0.0712890625,0.0,False
39,7,900039,13,1.0,195000,0.35,current-to-best/1/bin,0.7600843906402588,0.4778417944908142,0.050000000000427085,2.06105600297451,0.041700005531311035,0.012757821939885616,True,True,3,4,1.48760986328125,0.0712890625,0.0712890625,0.0,False
39,7,900039,14,1.0,210000,0.3,rand/2/bin,0.15956445038318634,0.6392483711242676,0.05000000000000037,0.2557313067954965,0.041700005531311035,0.0003107368538621813,True,True,4,5,0.0919189453125,0.0712890625,0.0712890625,0.0,False
39,7,900039,15,1.0,225000,0.25,rand/2/bin,0.119489386677742,0.6111966371536255,0.05000000000000118,2.352095916867256,0.04169999808073044,0.0003856102121062577,True,True,5,6,0.29754638671875,0.0712890625,0.0712890625,0.0,False
39,7,900039,16,1.0,240000,0.2,rand/2/bin,0.11384350806474686,0.6306979060173035,0.05000000000000001,2.8394067883491516,0.041700005531311035,0.00035812470014207065,True,True,6,7,0.14776611328125,0.0712890625,0.0712890625,0.0,False
39,7,900039,17,1.0,255000,0.15,rand/2/bin,0.10761912167072296,0.5355962514877319,0.05000000000000033,2.934720918536186,0.04170000180602074,0.0006998925236985087,True,True,7,8,0.24267578125,0.0712890625,0.0712890625,0.0,False
39,7,900039,18,1.0,270000,0.1,rand/2/bin,0.11315484344959259,0.5455102324485779,0.05000000000000038,2.931425616145134,0.04170000180602074,0.000370701658539474,True,True,8,9,0.0858154296875,0.0712890625,0.0712890625,0.0,False
39,7,900039,19,1.0,285000,0.05,rand/2/bin,0.08821025490760803,0.5411040186882019,0.05000000000000003,2.9795433580875397,0.04170000180602074,0.0013491950230672956,True,True,9,10,0.64312744140625,0.0712890625,0.0712890625,0.0,True
40,7,900040,1,1.0,15000,0.95,rand/2/bin,0.4799586236476898,0.03659471124410629,0.05000000000694933,0.2500132037483809,0.04815231263637543,0.06793583929538727,True,False,0,0,33.919189453125,53.1461181640625,33.919189453125,-1.5304454657574942,False
40,7,900040,2,1.0,30000,0.9,rand/2/bin,0.2908218204975128,0.656624972820282,0.05000000000000169,2.9149776250123978,0.19677729904651642,0.06937824189662933,False,True,0,0,14.3070068359375,33.919189453125,14.3070068359375,0.37489668079295124,False
40,7,900040,3,1.0,45000,0.85,current-to-best/1/bin,0.957263708114624,0.4136369228363037,0.05000000203618802,0.39926853962242603,0.041700005531311035,0.057470738887786865,True,False,0,0,9.3743896484375,14.3070068359375,9.3743896484375,0.18360578340227107,False
40,7,900040,4,1.0,60000,0.8,rand/2/bin,0.2004096955060959,0.5162749290466309,0.050000000029691224,0.7734600715339184,0.046591777354478836,0.001186105073429644,True,False,0,0,0.1644287109375,9.3743896484375,0.1644287109375,1.755965323058716,False
40,7,900040,5,1.0,75000,0.75,best/1/bin,0.6127480864524841,0.7286415100097656,0.05000000000000101,0.2799035650677979,0.04170000180602074,0.0017598849954083562,True,True,0,1,0.72882080078125,0.1644287109375,0.1644287109375,0.0,False
40,7,900040,6,1.0,90000,0.7,rand/2/bin,0.23368515074253082,0.7072888612747192,0.05000000000636726,1.287294939160347,0.04169999808073044,0.00042672091512940824,True,True,1,0,0.0589599609375,0.1644287109375,0.0589599609375,0.44542041772458396,False
40,7,900040,7,1.0,105000,0.65,best/1/bin,0.6546392440795898,0.6761261224746704,0.05000000000014658,0.33276257617399096,0.04169999808073044,0.0024910985957831144,True,True,0,1,0.7637939453125,0.0589599609375,0.0589599609375,0.0,False
40,7,900040,8,1.0,120000,0.6,rand/2/bin,0.2304099053144455,0.7530247569084167,0.050000000000163816,0.34874468110501766,0.04169999808073044,0.00044543377589434385,True,True,1,2,0.0777587890625,0.0589599609375,0.0589599609375,0.0,False
40,7,900040,9,1.0,135000,0.55,best/1/bin,0.4177704453468323,0.3928065299987793,0.05000000000007659,1.7742878198623657,0.041700005531311035,0.0009738866938278079,True,True,2,3,0.3931884765625,0.0589599609375,0.0589599609375,0.0,False
40,7,900040,10,1.0,150000,0.5,rand/1/bin,0.28012382984161377,0.5511303544044495,0.05000000000077199,0.26342556765303016,0.04169999808073044,0.0006500980234704912,True,True,3,4,0.077392578125,0.0589599609375,0.0589599609375,0.0,False
40,7,900040,11,1.0,165000,0.45,best/1/bin,0.5617238283157349,0.3202998638153076,0.05000000000000244,1.0976137667894363,0.041700005531311035,0.009909232147037983,True,True,4,5,1.49273681640625,0.0589599609375,0.0589599609375,0.0,False
40,7,900040,12,1.0,180000,0.4,current-to-best/1/bin,0.8505390882492065,0.5896466374397278,0.050000000000003555,2.5514684319496155,0.041700005531311035,0.023471970111131668,True,True,5,6,3.4271240234375,0.0589599609375,0.0589599609375,0.0,False
40,7,900040,13,1.0,195000,0.35,rand/2/bin,0.23814614117145538,0.744827389717102,0.0500000000000023,0.2504319386098359,0.04169999808073044,0.0013758420245721936,True,True,6,7,0.24530029296875,0.0589599609375,0.0589599609375,0.0,False
40,7,900040,14,1.0,210000,0.3,current-to-best/1/bin,0.854157567024231,0.4642782211303711,0.05000000000000006,1.662618800997734,0.04170000180602074,0.027200976386666298,True,True,7,8,3.49267578125,0.0589599609375,0.0589599609375,0.0,False
40,7,900040,15,1.0,225000,0.25,rand/2/bin,0.205577552318573,0.6754864454269409,0.05000000000004529,0.2513113634122419,0.041700005531311035,0.0007059230119921267,True,True,8,9,0.1094970703125,0.0589599609375,0.0589599609375,0.0,False
40,7,900040,16,1.0,240000,0.2,current-to-best/1/bin,0.8119515180587769,0.5060285329818726,0.05000000000000026,1.4711313918232918,0.04169999808073044,0.019631555303931236,True,True,9,10,2.461181640625,0.0589599609375,0.0589599609375,0.0,False
40,7,900040,17,1.0,255000,0.15,rand/1/bin,0.2298961728811264,0.4869677424430847,0.05000000000899171,0.31275435350835323,0.041700005531311035,0.0008973829098977149,True,True,10,11,0.1263427734375,0.0589599609375,0.0589599609375,0.0,False
40,7,900040,18,1.0,270000,0.1,best/1/bin,0.6509554386138916,0.3177758455276489,0.05000000000000014,1.9617496132850647,0.04170000180602074,0.015974011272192,True,True,11,12,1.968994140625,0.0589599609375,0.0589599609375,0.0,False
40,7,900040,19,1.0,285000,0.05,best/1/bin,0.5818145275115967,0.30353522300720215,0.050000000000007455,0.3343177856877446,0.04169999808073044,0.004798051435500383,True,True,12,13,0.39642333984375,0.0589599609375,0.0589599609375,0.0,True
41,7,900041,1,1.0,15000,0.95,rand/1/bin,0.3850705027580261,0.3175179362297058,0.050000000060534046,0.25021417698917503,0.07497464120388031,0.09656153619289398,True,False,0,0,81.8912353515625,111.1663818359375,81.8912353515625,-1.9132374226664117,False
41,7,900041,2,1.0,30000,0.9,rand/1/bin,0.4241161644458771,0.6231291890144348,0.05,2.9994235187768936,0.2814502418041229,0.19918324053287506,False,True,0,0,45.97735595703125,81.8912353515625,45.97735595703125,0.25069343011212397,False
41,7,900041,3,1.0,45000,0.85,rand/1/bin,0.45752811431884766,0.6605005264282227,0.050000000000000794,1.9321043491363525,0.369631290435791,0.19646711647510529,False,True,0,1,48.24749755859375,45.97735595703125,45.97735595703125,0.0,False
41,7,900041,4,1.0,60000,0.8,best/1/bin,0.9982473850250244,0.3037261962890625,0.0500000000000322,0.25001849792010944,0.05034105107188225,0.13790154457092285,True,False,1,0,27.79779052734375,45.97735595703125,27.79779052734375,0.21853371446257874,False
41,7,900041,5,1.0,75000,0.75,rand/2/bin,0.23913216590881348,0.5427747964859009,0.05000003962933981,1.09871444106102,0.15151439607143402,0.04358808696269989,False,False,0,0,7.0802001953125,27.79779052734375,7.0802001953125,0.593964739775789,False
41,7,900041,6,1.0,90000,0.7,current-to-best/1/bin,0.9600282907485962,0.3191407322883606,0.05000000000155819,0.44613900780677795,0.04169999808073044,0.051546163856983185,True,True,0,0,6.55157470703125,7.0802001953125,6.55157470703125,0.033699840046022334,False
41,7,900041,7,1.0,105000,0.65,rand/2/bin,0.18136845529079437,0.4726669490337372,0.05000000024641197,0.6935420222580433,0.0422348789870739,0.005264346022158861,True,False,0,0,1.0386962890625,6.55157470703125,1.0386962890625,0.7998571140637201,False
41,7,900041,8,1.0,120000,0.6,best/1/bin,0.6020259857177734,0.6232209801673889,0.05000000000055898,0.5207321252673864,0.04170000180602074,0.0031871169339865446,True,True,0,1,1.3616943359375,1.0386962890625,1.0386962890625,0.0,False
41,7,900041,9,1.0,135000,0.55,current-to-best/1/bin,0.41896745562553406,0.6094658374786377,0.050000000011207135,2.6788463592529297,0.04169999808073044,0.002028495306149125,True,True,1,0,0.63824462890625,1.0386962890625,0.63824462890625,0.21150140867851644,False
41,7,900041,10,1.0,150000,0.5,rand/2/bin,0.21484027802944183,0.6511995792388916,0.05000000001396116,1.0649813562631607,0.04169999808073044,0.0004559331573545933,True,True,0,0,0.0767822265625,0.63824462890625,0.0767822265625,0.9197264171523009,False
41,7,900041,11,1.0,165000,0.45,best/1/bin,0.7047027945518494,0.6675692796707153,0.0500000000055184,0.29685168992727995,0.04169999808073044,0.008752596564590931,True,True,0,1,1.4853515625,0.0767822265625,0.0767822265625,0.0,False
41,7,900041,12,1.0,180000,0.4,current-to-best/1/bin,0.5353941321372986,0.5481551885604858,0.05000000000002894,2.7299246937036514,0.04217801243066788,0.0011107679456472397,True,True,1,2,0.2457275390625,0.0767822265625,0.0767822265625,0.0,False
41,7,900041,13,1.0,195000,0.35,rand/2/bin,0.1741945743560791,0.5762088894844055,0.05000000000022841,0.6470990180969238,0.041700005531311035,0.0007330034277401865,True,True,2,3,0.0904541015625,0.0767822265625,0.0767822265625,0.0,False
41,7,900041,14,1.0,210000,0.3,best/1/bin,0.4937722682952881,0.3374086916446686,0.050000000000054626,1.974718064069748,0.04170000180602074,0.001576809911057353,True,True,3,4,0.18133544921875,0.0767822265625,0.0767822265625,0.0,False
41,7,900041,15,1.0,225000,0.25,current-to-best/1/bin,0.8319200873374939,0.5082740187644958,0.050000000000031956,1.8477682769298553,0.04170000180602074,0.023890376091003418,True,True,4,5,3.44830322265625,0.0767822265625,0.0767822265625,0.0,False
41,7,900041,16,1.0,240000,0.2,rand/2/bin,0.15761907398700714,0.571950376033783,0.05000000000001062,0.2542641168402042,0.04170000180602074,0.0003052930987905711,True,True,5,0,0.04339599609375,0.0767822265625,0.04339599609375,0.14781099686425656,False
41,7,900041,17,1.0,255000,0.15,rand/1/bin,0.14606843888759613,0.4406973123550415,0.05000000000028942,0.6417019441723824,0.04169999808073044,0.0008002301910892129,True,True,0,1,0.1483154296875,0.04339599609375,0.04339599609375,0.0,False
41,7,900041,18,1.0,270000,0.1,best/1/bin,0.6633468866348267,0.3210509121417999,0.05000000000002627,0.8566812910139561,0.041700005531311035,0.010023996233940125,True,True,1,2,1.3092041015625,0.04339599609375,0.04339599609375,0.0,False
41,7,900041,19,1.0,285000,0.05,rand/1/bin,0.24740387499332428,0.5688421726226807,0.050000000001786976,0.3386623142287135,0.04169999808073044,0.000547133618965745,True,True,2,3,0.0947265625,0.04339599609375,0.04339599609375,0.0,True
42,7,900042,1,1.0,15000,0.95,rand/1/bin,0.40419766306877136,0.29595687985420227,0.05000000345280205,0.250169205623024,0.05175350606441498,0.07872101664543152,True,False,0,0,37.458984375,63.67333984375,37.458984375,-1.5735559982936347,False
42,7,900042,2,1.0,30000,0.9,rand/1/bin,0.3984411954879761,0.5936805605888367,0.05,2.9999349266290665,0.2291543185710907,0.09461561590433121,False,True,0,0,23.24713134765625,37.458984375,23.24713134765625,0.20718662869793714,False
42,7,900042,3,1.0,45000,0.85,rand/2/bin,0.35998988151550293,0.36276453733444214,0.0500000000000019,0.2611739132553339,0.04169999808073044,0.05677204579114914,True,False,0,0,13.15032958984375,23.24713134765625,13.15032958984375,0.24743273147718403,False
42,7,900042,4,1.0,60000,0.8,rand/2/bin,0.22602280974388123,0.5567062497138977,0.05000000031639321,1.6074580550193787,0.09125867486000061,0.033624932169914246,False,True,0,0,8.0155029296875,13.15032958984375,8.0155029296875,0.2150058603892646,False
42,7,900042,5,1.0,75000,0.75,rand/1/bin,0.29821160435676575,0.5574007034301758,0.050000000000648664,1.9957041442394257,0.06726927310228348,0.010173222981393337,True,True,0,0,3.34210205078125,8.0155029296875,3.34210205078125,0.37991106952755527,False
42,7,900042,6,1.0,90000,0.7,rand/2/bin,0.2092871367931366,0.6041843295097351,0.050000000226237254,1.4215565472841263,0.04170000180602074,0.012357035651803017,True,True,0,0,2.454345703125,3.34210205078125,2.454345703125,0.13408397184504217,False
42,7,900042,7,1.0,105000,0.65,rand/2/bin,0.17265519499778748,0.5088655948638916,0.05000000000385349,2.0255820006132126,0.04177599772810936,0.0048646507784724236,True,True,0,0,1.4036865234375,2.454345703125,1.4036865234375,0.24266560292043612,False
42,7,900042,8,1.0,120000,0.6,rand/2/bin,0.11852464079856873,0.45727667212486267,0.05000000000000151,2.1342224031686783,0.04170000180602074,0.005694829858839512,True,True,0,0,1.3046875,1.4036865234375,1.3046875,0.031763628607776304,False
42,7,900042,9,1.0,135000,0.55,rand/2/bin,0.16303545236587524,0.47628843784332275,0.05000000001184399,2.0882522463798523,0.04170000180602074,0.002702876692637801,True,True,0,0,0.73638916015625,1.3046875,0.73638916015625,0.24839911198174924,False
42,7,900042,10,1.0,150000,0.5,best/1/bin,0.5941433906555176,0.49427056312561035,0.05000000000044886,0.30069605400785804,0.04169999808073044,0.003009588923305273,True,True,0,1,0.898193359375,0.73638916015625,0.73638916015625,0.0,False
42,7,900042,11,1.0,165000,0.45,current-to-best/1/bin,0.3058892488479614,0.4764676094055176,0.050000003066151134,2.1640833765268326,0.04169999808073044,0.005056354217231274,True,True,1,2,0.80242919921875,0.73638916015625,0.73638916015625,0.0,False
42,7,900042,12,1.0,180000,0.4,rand/2/bin,0.21213817596435547,0.6164383888244629,0.050000000029919583,0.8076570704579353,0.04170000180602074,0.0006069053779356182,True,True,2,0,0.10638427734375,0.73638916015625,0.10638427734375,0.8402299042092524,False
42,7,900042,13,1.0,195000,0.35,rand/2/bin,0.13790263235569,0.5666025280952454,0.050000000002481726,1.0643610283732414,0.04170000180602074,0.00018369827012065798,True,True,0,0,0.0771484375,0.10638427734375,0.0771484375,0.13955029769345106,False
42,7,900042,14,1.0,210000,0.3,rand/2/bin,0.13719473779201508,0.5477346181869507,0.05000000001174417,0.521052923053503,0.041700005531311035,0.0002131729997927323,True,True,0,0,0.0430908203125,0.0771484375,0.0430908203125,0.2529423284020842,False
42,7,900042,15,1.0,225000,0.25,best/1/bin,0.7089356184005737,0.41975173354148865,0.050000000023592256,0.9278228767216206,0.04170000180602074,0.013701020739972591,True,True,0,1,1.65313720703125,0.0430908203125,0.0430908203125,0.0,False
42,7,900042,16,1.0,240000,0.2,rand/1/bin,0.3065940737724304,0.6351293921470642,0.050000000012907185,0.47740139439702034,0.04169999808073044,0.0011373518500477076,True,True,1,2,0.1859130859375,0.0430908203125,0.0430908203125,0.0,False
42,7,900042,17,1.0,255000,0.15,current-to-best/1/bin,0.8813532590866089,0.453817218542099,0.050000000000035474,1.1982306391000748,0.041700005531311035,0.03661201894283295,True,True,2,3,4.78857421875,0.0430908203125,0.0430908203125,0.0,False
42,7,900042,18,1.0,270000,0.1,rand/1/bin,0.2783052921295166,0.5744500756263733,0.05000000011509716,0.4979067798703909,0.04170000180602074,0.0007602500263601542,True,True,3,4,0.1199951171875,0.0430908203125,0.0430908203125,0.0,False
42,7,900042,19,1.0,285000,0.05,current-to-best/1/bin,0.8949224948883057,0.456991970539093,0.05000000000000108,1.5172093212604523,0.04169999808073044,0.03780074790120125,True,True,4,5,5.28729248046875,0.0430908203125,0.0430908203125,0.0,True
43,7,900043,1,1.0,15000,0.95,rand/2/bin,0.38588860630989075,0.016745582222938538,0.05000000006820696,0.2501340918834103,0.059120986610651016,0.07071500271558762,True,False,0,0,41.5660400390625,70.48193359375,41.5660400390625,-1.6187386517191287,False
43,7,900043,2,1.0,30000,0.9,rand/1/bin,0.40306398272514343,0.5979205965995789,0.05000000000000014,2.9990266859531403,0.20998769998550415,0.1099175363779068,False,True,0,0,22.9061279296875,41.5660400390625,22.9061279296875,0.2587869696248717,False
43,7,900043,3,1.0,45000,0.85,rand/2/bin,0.3651524782180786,0.5610519051551819,0.05000000000037242,0.2738225548528135,0.0417771190404892,0.056983280926942825,True,False,0,0,12.8787841796875,22.9061279296875,12.8787841796875,0.25007681632454704,False
43,7,900043,4,1.0,60000,0.8,rand/2/bin,0.19447652995586395,0.47879311442375183,0.05000000061336227,1.7298605740070343,0.09857314079999924,0.028397005051374435,False,True,0,0,6.0103759765625,12.8787841796875,6.0103759765625,0.33097322508446014,False
43,7,900043,5,1.0,75000,0.75,rand/2/bin,0.25647035241127014,0.5710030198097229,0.05000000191990544,1.757539376616478,0.05099767446517944,0.01549835316836834,True,True,0,0,2.7933349609375,6.0103759765625,2.7933349609375,0.33277862216762694,False
43,7,900043,6,1.0,90000,0.7,rand/2/bin,0.17089834809303284,0.45638710260391235,0.05000000000033839,1.848501294851303,0.04183027893304825,0.0033606465440243483,True,True,0,0,0.6881103515625,2.7933349609375,0.6881103515625,0.6084649210177828,False
43,7,900043,7,1.0,105000,0.65,best/1/bin,0.6371651887893677,0.6721967458724976,0.05000000000004607,0.3315258235670626,0.04170000180602074,0.001154914265498519,True,True,0,0,0.5552978515625,0.6881103515625,0.5552978515625,0.09313209648071186,False
43,7,900043,8,1.0,120000,0.6,rand/2/bin,0.1461581587791443,0.5452490448951721,0.05000000000672673,2.6143742203712463,0.04169999808073044,0.00019313931989017874,True,True,0,0,0.0306396484375,0.5552978515625,0.0306396484375,1.2582420814272235,False
43,7,900043,9,1.0,135000,0.55,rand/2/bin,0.11717305332422256,0.4197911322116852,0.05000000000016849,2.6319297701120377,0.041700005531311035,0.0009441421134397388,True,True,0,1,0.1710205078125,0.0306396484375,0.0306396484375,0.0,False
43,7,900043,10,1.0,150000,0.5,rand/2/bin,0.2097368836402893,0.6181235909461975,0.050000000061300065,1.1014240831136703,0.04170000180602074,0.0006624021916650236,True,True,1,2,0.09368896484375,0.0306396484375,0.0306396484375,0.0,False
43,7,900043,11,1.0,165000,0.45,best/1/bin,0.42224499583244324,0.3252827823162079,0.05000000000027004,1.6774001270532608,0.04169999808073044,0.0014650934608653188,True,True,2,3,0.35504150390625,0.0306396484375,0.0306396484375,0.0,False
43,7,900043,12,1.0,180000,0.4,current-to-best/1/bin,0.6726181507110596,0.6660249829292297,0.05000000000001771,2.39362895488739,0.04169999808073044,0.002361562568694353,True,True,3,4,0.28607177734375,0.0306396484375,0.0306396484375,0.0,False
43,7,900043,13,1.0,195000,0.35,rand/2/bin,0.19698767364025116,0.7268582582473755,0.05000000000000008,0.2725787744857371,0.041700005531311035,0.0007143050897866488,True,True,4,5,0.24896240234375,0.0306396484375,0.0306396484375,0.0,False
43,7,900043,14,1.0,210000,0.3,current-to-best/1/bin,0.868608832359314,0.49629777669906616,0.05000000000000483,2.0150912553071976,0.04169999808073044,0.038105688989162445,True,True,5,6,5.9923095703125,0.0306396484375,0.0306396484375,0.0,False
43,7,900043,15,1.0,225000,0.25,rand/2/bin,0.2144823968410492,0.6391892433166504,0.05000000000000162,0.2500185992776096,0.04169999808073044,0.00031774406670592725,True,True,6,7,0.0440673828125,0.0306396484375,0.0306396484375,0.0,False
43,7,900043,16,1.0,240000,0.2,best/1/bin,0.6083292365074158,0.2582819163799286,0.05000000000000005,2.7624905556440353,0.041700005531311035,0.010323671624064445,True,True,7,8,1.17218017578125,0.0306396484375,0.0306396484375,0.0,False
43,7,900043,17,1.0,255000,0.15,best/1/bin,0.5532835721969604,0.2777532935142517,0.05000000000000124,0.305699132848531,0.04170000180602074,0.004797301255166531,True,True,8,9,0.52801513671875,0.0306396484375,0.0306396484375,0.0,False
43,7,900043,18,1.0,270000,0.1,best/1/bin,0.6346720457077026,0.3023912012577057,0.05000000000000005,0.4834353309124708,0.041700005531311035,0.009749766439199448,True,True,9,10,0.95452880859375,0.0306396484375,0.0306396484375,0.0,False
43,7,900043,19,1.0,285000,0.05,current-to-best/1/bin,0.6689514517784119,0.40725502371788025,0.05000000000000042,2.4576267302036285,0.041759882122278214,0.006470197811722755,True,True,10,11,0.8133544921875,0.0306396484375,0.0306396484375,0.0,True
44,7,900044,1,1.0,15000,0.95,rand/1/bin,0.43285709619522095,0.4019021987915039,0.05000000141683535,0.25002343341884625,0.057436637580394745,0.08710926026105881,True,False,0,0,32.15374755859375,60.4390869140625,32.15374755859375,-1.5072315978982038,False
44,7,900044,2,1.0,30000,0.9,rand/1/bin,0.30827489495277405,0.49158594012260437,0.05000000000000557,2.9846151471138,0.25599461793899536,0.06663594394922256,False,True,0,0,15.53900146484375,32.15374755859375,15.53900146484375,0.3158084899904674,False
44,7,900044,3,1.0,45000,0.85,rand/2/bin,0.35977622866630554,0.6130818128585815,0.05000000000003566,0.2839162368327379,0.04170000180602074,0.04533994570374489,True,False,0,0,8.385986328125,15.53900146484375,8.385986328125,0.2678689573624572,False
44,7,900044,4,1.0,60000,0.8,best/1/bin,0.8206270933151245,0.28824591636657715,0.05000000021444037,0.4086124589666724,0.04169999808073044,0.048943087458610535,True,True,0,0,8.23974609375,8.385986328125,8.23974609375,0.007640320818937174,False
44,7,900044,5,1.0,75000,0.75,rand/2/bin,0.2669621706008911,0.6446315050125122,0.05000001085254846,1.130059152841568,0.055327948182821274,0.007774108089506626,True,True,0,0,1.509033203125,8.23974609375,1.509033203125,0.737215031224326,False
44,7,900044,6,1.0,90000,0.7,best/1/bin,0.6336982250213623,0.6246159672737122,0.05000000000021318,0.26068351313006133,0.04170000180602074,0.0011696747969835997,True,True,0,0,0.214599609375,1.509033203125,0.214599609375,0.8470698511585879,False
44,7,900044,7,1.0,105000,0.65,rand/2/bin,0.13887919485569,0.5398203134536743,0.050000000001057546,1.1092479676008224,0.04170000180602074,0.0006970728863961995,True,True,0,0,0.1982421875,0.214599609375,0.1982421875,0.03443284416275938,False
44,7,900044,8,1.0,120000,0.6,best/1/bin,0.5776367783546448,0.6146093010902405,0.05000000037082025,0.7598280198872089,0.041700005531311035,0.0022517521865665913,True,True,0,1,0.7982177734375,0.1982421875,0.1982421875,0.0,False
44,7,900044,9,1.0,135000,0.55,rand/2/bin,0.22464028000831604,0.703542172908783,0.05000000001430181,0.9617823660373688,0.041700005531311035,0.0004749214858748019,True,True,1,0,0.07373046875,0.1982421875,0.07373046875,0.42954904928830995,False
44,7,900044,10,1.0,150000,0.5,best/1/bin,0.6820868253707886,0.6107969880104065,0.050000000073412196,0.5299733020365238,0.04169999808073044,0.0057387081906199455,True,True,0,1,0.8922119140625,0.07373046875,0.07373046875,0.0,False
44,7,900044,11,1.0,165000,0.45,current-to-best/1/bin,0.5367225408554077,0.611650824546814,0.0500000000000566,2.7074519246816635,0.04169999808073044,0.0003648966958280653,True,True,1,2,0.14300537109375,0.07373046875,0.07373046875,0.0,False
44,7,900044,12,1.0,180000,0.4,rand/2/bin,0.15877105295658112,0.5353031754493713,0.050000000000063584,0.8328579626977444,0.04169999808073044,0.0006862989393994212,True,True,2,3,0.1124267578125,0.07373046875,0.07373046875,0.0,False
44,7,900044,13,1.0,195000,0.35,rand/2/bin,0.13911907374858856,0.5539951324462891,0.05000000000064288,1.8077371716499329,0.04170000180602074,0.00030572983087040484,True,True,3,0,0.0628662109375,0.07373046875,0.0628662109375,-0.0307703005994088,False
44,7,900044,14,1.0,210000,0.3,rand/2/bin,0.163954496383667,0.5634543895721436,0.050000002640768405,0.7788412049412727,0.041700005531311035,0.0008461724501103163,True,True,0,1,0.15655517578125,0.0628662109375,0.0628662109375,0.0,False
44,7,900044,15,1.0,225000,0.25,best/1/bin,0.5391813516616821,0.3563600182533264,0.05000000003086321,0.9506394937634468,0.041700005531311035,0.005958433263003826,True,True,1,2,0.943603515625,0.0628662109375,0.0628662109375,0.0,False
44,7,900044,16,1.0,240000,0.2,current-to-best/1/bin,0.5751398205757141,0.42614611983299255,0.050000000001408425,2.2021976858377457,0.04170000180602074,0.0014271626714617014,True,True,2,3,0.1563720703125,0.0628662109375,0.0628662109375,0.0,False
44,7,900044,17,1.0,255000,0.15,rand/2/bin,0.1470845639705658,0.5326643586158752,0.05000000000002642,0.8807993344962597,0.041700005531311035,0.0001848196261562407,True,True,3,0,0.0252685546875,0.0628662109375,0.0252685546875,0.29583678079512266,False
44,7,900044,18,1.0,270000,0.1,best/1/bin,0.8688846230506897,0.2943723499774933,0.05000000000041698,2.2507543861865997,0.04169999808073044,0.03990233317017555,True,True,0,1,4.66015625,0.0252685546875,0.0252685546875,0.0,False
44,7,900044,19,1.0,285000,0.05,rand/2/bin,0.23008547723293304,0.6022920608520508,0.050000001508878025,0.25068105557147646,0.041700005531311035,0.00128960853908211,True,True,1,2,0.162841796875,0.0252685546875,0.0252685546875,0.0,True
45,7,900045,1,1.0,15000,0.95,rand/2/bin,0.4507617652416229,0.08850479871034622,0.05000000000007907,0.2500272796664831,0.04288618639111519,0.06872116774320602,True,False,0,0,26.30279541015625,36.34283447265625,26.30279541015625,-1.420001907084179,False
45,7,900045,2,1.0,30000,0.9,rand/2/bin,0.2887246012687683,0.6069690585136414,0.0500000000002278,2.852622091770172,0.19369621574878693,0.09369717538356781,False,True,0,0,16.04681396484375,26.30279541015625,16.04681396484375,0.21461308906581889,False
45,7,900045,3,1.0,45000,0.85,best/1/bin,0.9790236949920654,0.37976011633872986,0.05000000000295836,0.2504103883620701,0.04170000180602074,0.06468139588832855,True,False,0,0,9.6842041015625,16.04681396484375,9.6842041015625,0.21932488363537372,False
45,7,900045,4,1.0,60000,0.8,rand/2/bin,0.2615387737751007,0.5852869749069214,0.050000104738816026,0.9960521832108498,0.0645488053560257,0.0030122618190944195,True,True,0,0,0.3935546875,9.6842041015625,0.3935546875,1.3910588338465142,False
45,7,900045,5,1.0,75000,0.75,best/1/bin,0.6344107389450073,0.7416039705276489,0.05000000000010579,0.2967276438139379,0.041700005531311035,0.0004670891794376075,True,True,0,1,0.5179443359375,0.3935546875,0.3935546875,0.0,False
45,7,900045,6,1.0,90000,0.7,rand/2/bin,0.199240580201149,0.6128963232040405,0.05000000003062613,1.8173432797193527,0.04170000180602074,0.000555113481823355,True,True,1,0,0.084716796875,0.3935546875,0.084716796875,0.6670355224491051,False
45,7,900045,7,1.0,105000,0.65,best/1/bin,0.672826886177063,0.7076489329338074,0.05000000000166719,0.2651456542080268,0.04169999808073044,0.004578791558742523,True,True,0,1,1.0576171875,0.084716796875,0.084716796875,0.0,False
45,7,900045,8,1.0,120000,0.6,current-to-best/1/bin,0.39352667331695557,0.7343107461929321,0.0500000000000154,2.830587461590767,0.04170000180602074,0.0013428645906969905,True,True,1,2,0.46673583984375,0.084716796875,0.084716796875,0.0,False
45,7,900045,9,1.0,135000,0.55,best/1/bin,0.4413621723651886,0.3095299303531647,0.05000000000005849,0.9839404225349426,0.04169999808073044,0.0013713989173993468,True,True,2,3,0.19696044921875,0.084716796875,0.084716796875,0.0,False
45,7,900045,10,1.0,150000,0.5,best/1/bin,0.4766111671924591,0.31703177094459534,0.05000000000006213,0.8456609435379505,0.04169999808073044,0.0025330097414553165,True,True,3,4,0.4088134765625,0.084716796875,0.084716796875,0.0,False
45,7,900045,11,1.0,165000,0.45,best/1/bin,0.4938480854034424,0.3146941363811493,0.050000000000055826,0.7376136593520641,0.04169999808073044,0.003924735821783543,True,True,4,5,0.57781982421875,0.084716796875,0.084716796875,0.0,False
45,7,900045,12,1.0,180000,0.4,current-to-best/1/bin,0.8379486799240112,0.5612509250640869,0.05000000000029638,2.1489922553300858,0.04170000180602074,0.019747767597436905,True,True,5,6,3.25872802734375,0.084716796875,0.084716796875,0.0,False
45,7,900045,13,1.0,195000,0.35,rand/2/bin,0.2312200963497162,0.7243008017539978,0.05000000000004495,0.2519692827918334,0.041700005531311035,0.0005749851115979254,True,True,6,7,0.10076904296875,0.084716796875,0.084716796875,0.0,False
45,7,900045,14,1.0,210000,0.3,rand/2/bin,0.13076938688755035,0.6141930818557739,0.05000000000001663,2.003711447119713,0.041700005531311035,0.00044795163557864726,True,True,7,8,0.10302734375,0.084716796875,0.084716796875,0.0,False
45,7,900045,15,1.0,225000,0.25,rand/2/bin,0.11024648696184158,0.5414037108421326,0.05000000000000103,2.811222806572914,0.04170000180602074,0.0003593338478822261,True,True,8,0,0.07763671875,0.084716796875,0.07763671875,-0.06209764986860203,False
45,7,900045,16,1.0,240000,0.2,rand/2/bin,0.16986161470413208,0.5481745600700378,0.050000006567806704,0.921442162245512,0.04170000180602074,0.0008251475519500673,True,True,0,1,0.115478515625,0.07763671875,0.07763671875,0.0,False
45,7,900045,17,1.0,255000,0.15,best/1/bin,0.5333570241928101,0.30138859152793884,0.05000000002718608,1.3859082236886024,0.04170000180602074,0.0032273128163069487,True,True,1,2,0.4390869140625,0.07763671875,0.07763671875,0.0,False
45,7,900045,18,1.0,270000,0.1,current-to-best/1/bin,0.7104923129081726,0.409275621175766,0.050000000000923306,1.9862063825130463,0.041700005531311035,0.006500684190541506,True,True,2,3,0.8157958984375,0.07763671875,0.07763671875,0.0,False
45,7,900045,19,1.0,285000,0.05,current-to-best/1/bin,0.5879823565483093,0.33983922004699707,0.050000000000039686,1.3315103277564049,0.041700005531311035,0.0037288605235517025,True,True,3,4,0.34539794921875,0.07763671875,0.07763671875,0.0,True
46,7,900046,1,1.0,15000,0.95,rand/1/bin,0.41810935735702515,0.3975740075111389,0.050000000116615255,0.2500666790538162,0.07566002756357193,0.12241001427173615,True,False,0,0,92.7850341796875,103.79400634765625,92.7850341796875,-1.9674779321134372,False
46,7,900046,2,1.0,30000,0.9,rand/1/bin,0.42899540066719055,0.5892332196235657,0.05000000000000002,2.999748393893242,0.349037230014801,0.22389265894889832,False,True,0,0,57.1837158203125,92.7850341796875,57.1837158203125,0.21020555947258646,False
46,7,900046,3,1.0,45000,0.85,rand/2/bin,0.3609864115715027,0.43901288509368896,0.050000000001327136,0.27218451304361224,0.06101864203810692,0.10596390813589096,True,False,0,0,34.19775390625,57.1837158203125,34.19775390625,0.22327478979558202,False
46,7,900046,4,1.0,60000,0.8,rand/2/bin,0.22190216183662415,0.4858279824256897,0.05000000009750689,2.4651219695806503,0.25155672430992126,0.06049805134534836,False,True,0,0,13.72479248046875,34.19775390625,13.72479248046875,0.39649179591079964,False
46,7,900046,5,1.0,75000,0.75,current-to-best/1/bin,0.9907203316688538,0.36243313550949097,0.050000000000517596,0.49813058227300644,0.0421300083398819,0.06733376532793045,True,False,0,0,13.39019775390625,13.72479248046875,13.39019775390625,0.010718795647706614,False
46,7,900046,6,1.0,90000,0.7,rand/2/bin,0.2059076428413391,0.5185937881469727,0.05000000972931176,1.4260350540280342,0.09602031111717224,0.02655433863401413,False,True,0,0,5.00372314453125,13.39019775390625,5.00372314453125,0.4274937182001246,False
46,7,900046,7,1.0,105000,0.65,rand/1/bin,0.31178632378578186,0.4988653063774109,0.05000065641193601,1.00352431088686,0.041851334273815155,0.014855066314339638,True,True,0,0,2.97308349609375,5.00372314453125,2.97308349609375,0.22608616552098554,False
46,7,900046,8,1.0,120000,0.6,rand/1/bin,0.28135332465171814,0.52918541431427,0.050000008956226964,0.5928227044641972,0.04170000180602074,0.0048701222985982895,True,True,0,0,0.7811279296875,2.97308349609375,0.7811279296875,0.5804849354684787,False
46,7,900046,9,1.0,135000,0.55,best/1/bin,0.5824592113494873,0.49727684259414673,0.05000000000066513,0.26303289795760065,0.04169999808073044,0.0007490458665415645,True,True,0,0,0.1134033203125,0.7811279296875,0.1134033203125,0.8380963634388372,False
46,7,900046,10,1.0,150000,0.5,rand/2/bin,0.14017631113529205,0.5788486003875732,0.05000000000459747,1.1321393698453903,0.041700005531311035,0.0005481527769006789,True,True,0,0,0.08843994140625,0.1134033203125,0.08843994140625,0.10797731337675398,False
46,7,900046,11,1.0,165000,0.45,rand/2/bin,0.15777836740016937,0.5451240539550781,0.050000000659676615,0.5952859856188297,0.04169999808073044,0.0003906705242116004,True,True,0,0,0.06298828125,0.08843994140625,0.06298828125,0.14738866833767506,False
46,7,900046,12,1.0,180000,0.4,rand/2/bin,0.17070093750953674,0.581678569316864,0.05000000206169122,0.6269423775374889,0.04169999808073044,0.0005671796971000731,True,True,0,1,0.0950927734375,0.06298828125,0.06298828125,0.0,False
46,7,900046,13,1.0,195000,0.35,best/1/bin,0.5182966589927673,0.3529617488384247,0.05000000003821571,1.5046106576919556,0.041700005531311035,0.0010785048361867666,True,True,1,2,0.09478759765625,0.06298828125,0.06298828125,0.0,False
46,7,900046,14,1.0,210000,0.3,best/1/bin,0.5333191752433777,0.3663727343082428,0.050000000001287626,0.5343555100262165,0.04169999808073044,0.0017095761140808463,True,True,2,3,0.220947265625,0.06298828125,0.06298828125,0.0,False
46,7,900046,15,1.0,225000,0.25,current-to-best/1/bin,0.7237198352813721,0.5172882676124573,0.0500000000009005,1.7345184832811356,0.041700005531311035,0.010088887996971607,True,True,3,4,1.27679443359375,0.06298828125,0.06298828125,0.0,False
46,7,900046,16,1.0,240000,0.2,rand/2/bin,0.17763963341712952,0.6802823543548584,0.05000000000000163,0.25222471267625224,0.04169999808073044,0.0006524779018945992,True,True,4,5,0.09564208984375,0.06298828125,0.06298828125,0.0,False
46,7,900046,17,1.0,255000,0.15,rand/2/bin,0.10891672223806381,0.6263031363487244,0.05000000000000053,2.4072889536619186,0.04169999808073044,0.00046477632713504136,True,True,5,6,0.278564453125,0.06298828125,0.06298828125,0.0,False
46,7,900046,18,1.0,270000,0.1,current-to-best/1/bin,0.869581937789917,0.4394044578075409,0.05000000000000006,1.8455767631530762,0.041700005531311035,0.034953609108924866,True,True,6,7,4.61285400390625,0.06298828125,0.06298828125,0.0,False
46,7,900046,19,1.0,285000,0.05,rand/2/bin,0.17204312980175018,0.6235531568527222,0.050000000000001876,0.2506103551822889,0.04170000180602074,0.00040984718361869454,True,True,7,8,0.07373046875,0.06298828125,0.06298828125,0.0,True
47,7,900047,1,1.0,15000,0.95,rand/2/bin,0.40013882517814636,0.12039551883935928,0.050000000002916656,0.2501643529185458,0.08128394931554794,0.11832377314567566,True,False,0,0,82.87384033203125,118.23773193359375,82.87384033203125,-1.9184174643500194,False
47,7,900047,2,1.0,30000,0.9,rand/1/bin,0.3879520893096924,0.5345380902290344,0.05000000000000001,2.9980296045541763,0.33408433198928833,0.2487633228302002,False,True,0,0,69.56842041015625,82.87384033203125,69.56842041015625,0.0760053217167882,False
47,7,900047,3,1.0,45000,0.85,rand/1/bin,0.30420398712158203,0.4380764663219452,0.05000000000494,1.0444888174533844,0.2581371068954468,0.121946781873703,False,True,0,0,28.83209228515625,69.56842041015625,28.83209228515625,0.38253598310074,False
47,7,900047,4,1.0,60000,0.8,rand/2/bin,0.3373652398586273,0.6606206297874451,0.050000000000872444,0.2807165724225342,0.04303387552499771,0.05889701843261719,True,False,0,0,18.09930419921875,28.83209228515625,18.09930419921875,0.20221427990668195,False
47,7,900047,5,1.0,75000,0.75,rand/2/bin,0.23275510966777802,0.5537188649177551,0.05000000202441544,2.0892855525016785,0.12160937488079071,0.08194263279438019,False,True,0,1,21.441162109375,18.09930419921875,18.09930419921875,0.0,False
47,7,900047,6,1.0,90000,0.7,current-to-best/1/bin,0.9771168231964111,0.5690467953681946,0.050000001412343044,0.336986418813467,0.041748784482479095,0.07160448282957077,True,False,1,2,19.91143798828125,18.09930419921875,18.09930419921875,0.0,False
47,7,900047,7,1.0,105000,0.65,rand/1/bin,0.4027896821498871,0.6816317439079285,0.05000000012540422,2.5485973358154297,0.18072113394737244,0.07377677410840988,False,True,2,0,17.06353759765625,18.09930419921875,17.06353759765625,0.025592805653975148,False
47,7,900047,8,1.0,120000,0.6,rand/1/bin,0.3226487636566162,0.6300461888313293,0.050000000000029333,1.573985017836094,0.11612354964017868,0.04938634857535362,False,True,0,0,10.01171875,17.06353759765625,10.01171875,0.23156043266565352,False
47,7,900047,9,1.0,135000,0.55,rand/1/bin,0.3419027626514435,0.597017765045166,0.05000000035871823,1.574507161974907,0.07776151597499847,0.043950751423835754,True,True,0,0,8.95166015625,10.01171875,8.95166015625,0.048605054685329385,False
47,7,900047,10,1.0,150000,0.5,best/1/bin,0.8818362951278687,0.20659476518630981,0.05000000225678776,1.1479124501347542,0.05217115581035614,0.07030833512544632,True,True,0,1,10.5015869140625,8.95166015625,8.95166015625,0.0,False
47,7,900047,11,1.0,165000,0.45,rand/2/bin,0.2724742889404297,0.6341778039932251,0.050000758198342515,0.932594008743763,0.06556912511587143,0.011500994674861431,False,True,1,0,2.068359375,8.95166015625,2.068359375,0.6362775853894918,False
47,7,900047,12,1.0,180000,0.4,rand/1/bin,0.2756927013397217,0.5672773718833923,0.05000000106002547,0.8399457558989525,0.04169999808073044,0.0005159691791050136,True,True,0,0,0.05560302734375,2.068359375,0.05560302734375,1.5705274854478393,False
47,7,900047,13,1.0,195000,0.35,best/1/bin,0.7260372638702393,0.6634913682937622,0.05000000000266653,0.25066388814957463,0.04169999808073044,0.005156074184924364,True,True,0,1,0.66729736328125,0.05560302734375,0.05560302734375,0.0,False
47,7,900047,14,1.0,210000,0.3,current-to-best/1/bin,0.5080978870391846,0.525236189365387,0.050000000000076164,2.5107021778821945,0.041700005531311035,0.00030305382097139955,True,True,1,0,0.0516357421875,0.05560302734375,0.0516357421875,0.03214800793290351,False
47,7,900047,15,1.0,225000,0.25,rand/2/bin,0.15600889921188354,0.5619804859161377,0.05000000000005127,0.5038037057965994,0.04170000180602074,0.001526563079096377,True,True,0,1,0.2698974609375,0.0516357421875,0.0516357421875,0.0,False
47,7,900047,16,1.0,240000,0.2,current-to-best/1/bin,0.7447354197502136,0.4781898558139801,0.0500000000667749,1.642107903957367,0.04170000180602074,0.01290204282850027,True,True,1,2,1.4619140625,0.0516357421875,0.0516357421875,0.0,False
47,7,900047,17,1.0,255000,0.15,rand/1/bin,0.22603268921375275,0.5313931107521057,0.050000000001101955,0.26519681164063513,0.04170000180602074,0.0005693441489711404,True,True,2,3,0.11724853515625,0.0516357421875,0.0516357421875,0.0,False
47,7,900047,18,1.0,270000,0.1,current-to-best/1/bin,0.8516755104064941,0.4383406341075897,0.05000000000002976,1.3677611127495766,0.04169999808073044,0.035191264003515244,True,True,3,4,4.43072509765625,0.0516357421875,0.0516357421875,0.0,False
47,7,900047,19,1.0,285000,0.05,rand/1/bin,0.24769562482833862,0.583893895149231,0.05000000006543692,0.5356734711676836,0.04169999808073044,0.0005122807924635708,True,True,4,5,0.0972900390625,0.0516357421875,0.0516357421875,0.0,True
48,7,900048,1,1.0,15000,0.95,rand/2/bin,0.5768412947654724,0.028280483558773994,0.05000000000009068,0.2500186500926702,0.07269378751516342,0.1092781126499176,True,False,0,0,66.8094482421875,102.49359130859375,66.8094482421875,-1.824837885134634,False
48,7,900048,2,1.0,30000,0.9,rand/1/bin,0.4257437586784363,0.5490452647209167,0.05000000001317286,2.981177732348442,0.3176606297492981,0.15690933167934418,False,True,0,0,34.544189453125,66.8094482421875,34.544189453125,0.28646287818048854,False
48,7,900048,3,1.0,45000,0.85,rand/1/bin,0.36328187584877014,0.49554207921028137,0.05000000002056341,0.6940748617053032,0.1089068353176117,0.034731753170490265,False,False,0,0,6.45758056640625,34.544189453125,6.45758056640625,0.728305173034802,False
48,7,900048,4,1.0,60000,0.8,rand/1/bin,0.2642022967338562,0.4001418650150299,0.050000000051744334,0.5854351352900267,0.04170000180602074,0.005995947401970625,True,False,0,0,0.66326904296875,6.45758056640625,0.66326904296875,0.988380099606713,False
48,7,900048,5,1.0,75000,0.75,best/1/bin,0.4802759885787964,0.5658565163612366,0.050000000000004714,0.2623737035319209,0.041700005531311035,0.002055061748251319,True,True,0,1,1.22991943359375,0.66326904296875,0.66326904296875,0.0,False
48,7,900048,6,1.0,90000,0.7,rand/2/bin,0.23400622606277466,0.6675039529800415,0.050000000352091435,1.3140750080347061,0.04170000180602074,0.0006044153124094009,True,True,1,0,0.0999755859375,0.66326904296875,0.0999755859375,0.8217957327439162,False
48,7,900048,7,1.0,105000,0.65,best/1/bin,0.6759450435638428,0.7336418628692627,0.05000000001003001,0.31500492710620165,0.04170000180602074,0.00405263202264905,True,True,0,1,1.15826416015625,0.0999755859375,0.0999755859375,0.0,False
48,7,900048,8,1.0,120000,0.6,current-to-best/1/bin,0.4573080539703369,0.7047410607337952,0.050000000000018266,2.764383092522621,0.04170000180602074,0.0026247671339660883,True,True,1,2,1.0042724609375,0.0999755859375,0.0999755859375,0.0,False
48,7,900048,9,1.0,135000,0.55,rand/2/bin,0.24404385685920715,0.736346960067749,0.05000000000041926,0.3080588672310114,0.04170000180602074,0.0006052081589587033,True,True,2,0,0.091064453125,0.0999755859375,0.091064453125,0.040545070036913655,False
48,7,900048,10,1.0,150000,0.5,best/1/bin,0.6247944235801697,0.5702160596847534,0.050000000041368904,0.6257791705429554,0.04170000180602074,0.0029118992388248444,True,True,0,1,0.46649169921875,0.091064453125,0.091064453125,0.0,False
48,7,900048,11,1.0,165000,0.45,current-to-best/1/bin,0.4157937169075012,0.6830704212188721,0.05000000000025142,2.6660723090171814,0.04170000180602074,0.0006886183400638402,True,True,1,2,0.325439453125,0.091064453125,0.091064453125,0.0,False
48,7,900048,12,1.0,180000,0.4,rand/2/bin,0.17796804010868073,0.559717059135437,0.05000000000074537,1.0501050427556038,0.041700005531311035,0.00037055619759485126,True,True,2,0,0.04962158203125,0.091064453125,0.04962158203125,0.2636782377121891,False
48,7,900048,13,1.0,195000,0.35,rand/2/bin,0.1471068561077118,0.54203861951828,0.050000000100617815,0.5528523698449135,0.04170000180602074,0.0007342469762079418,True,True,0,1,0.11334228515625,0.04962158203125,0.04962158203125,0.0,False
48,7,900048,14,1.0,210000,0.3,best/1/bin,0.4823964834213257,0.3148767650127411,0.05000000000428759,1.6692202240228653,0.04170000180602074,0.0028012630064040422,True,True,1,2,0.308837890625,0.04962158203125,0.04962158203125,0.0,False
48,7,900048,15,1.0,225000,0.25,current-to-best/1/bin,0.6222142577171326,0.5533297061920166,0.05000000000390912,2.0569811314344406,0.04170000180602074,0.0003175992169417441,True,True,2,0,0.0413818359375,0.04962158203125,0.0413818359375,0.0788608343002033,False
48,7,900048,16,1.0,240000,0.2,rand/2/bin,0.14803335070610046,0.5664563775062561,0.05000000000008346,0.3788114981725812,0.04169999808073044,0.0006409509223885834,True,True,0,1,0.1375732421875,0.0413818359375,0.0413818359375,0.0,False
48,7,900048,17,1.0,255000,0.15,current-to-best/1/bin,0.7100774645805359,0.5216102004051208,0.05000000000027043,2.014338731765747,0.041700005531311035,0.003631110768765211,True,True,1,2,0.49859619140625,0.0413818359375,0.0413818359375,0.0,False
48,7,900048,18,1.0,270000,0.1,rand/1/bin,0.23095744848251343,0.5358637571334839,0.050000000001080576,0.2516422113403678,0.041700005531311035,0.0005071957712061703,True,True,2,3,0.076416015625,0.0413818359375,0.0413818359375,0.0,False
48,7,900048,19,1.0,285000,0.05,current-to-best/1/bin,0.9157352447509766,0.4668974280357361,0.050000000000000225,1.6911640465259552,0.04170000180602074,0.03826545551419258,True,True,3,4,5.658447265625,0.0413818359375,0.0413818359375,0.0,True
49,7,900049,1,1.0,15000,0.95,rand/1/bin,0.3821776807308197,0.4583461284637451,0.05000007218776617,0.25639674719423056,0.043612584471702576,0.05581622198224068,True,False,0,0,24.29986572265625,48.79302978515625,24.29986572265625,-1.3856038739387406,False
49,7,900049,2,1.0,30000,0.9,rand/1/bin,0.3722867965698242,0.5249561071395874,0.05000000000017313,2.994871824979782,0.16373883187770844,0.11740635335445404,False,True,0,1,25.12091064453125,24.29986572265625,24.29986572265625,0.0,False
49,7,900049,3,1.0,45000,0.85,rand/1/bin,0.4037890136241913,0.5094220638275146,0.050000000788501815,1.8442095667123795,0.20997801423072815,0.11170950531959534,False,True,1,2,24.659912109375,24.29986572265625,24.29986572265625,0.0,False
49,7,900049,4,1.0,60000,0.8,rand/1/bin,0.33791911602020264,0.5903988480567932,0.050000000094234213,0.9872412160038948,0.110284224152565,0.035124700516462326,False,False,2,0,7.83807373046875,24.29986572265625,7.83807373046875,0.4913945289420989,False
49,7,900049,5,1.0,75000,0.75,rand/1/bin,0.30250951647758484,0.5055996179580688,0.05000000528549005,1.4280605241656303,0.05193863809108734,0.010789992287755013,True,True,0,0,2.75445556640625,7.83807373046875,2.75445556640625,0.4541735724903178,False
49,7,900049,6,1.0,90000,0.7,rand/1/bin,0.2970363199710846,0.5172088742256165,0.050000003915314076,0.46608385257422924,0.04170000180602074,0.008561801165342331,True,True,0,0,1.77410888671875,2.75445556640625,1.77410888671875,0.1910554987284486,False
49,7,900049,7,1.0,105000,0.65,rand/2/bin,0.2177646905183792,0.5664576888084412,0.05000000208143543,0.5333703123033047,0.04169999808073044,0.003308098064735532,True,True,0,0,0.69903564453125,1.77410888671875,0.69903564453125,0.4044809461419615,False
49,7,900049,8,1.0,120000,0.6,best/1/bin,0.6032477021217346,0.6483909487724304,0.0500000000000042,0.5638615507632494,0.041700005531311035,0.00403660349547863,True,True,0,1,1.3516845703125,0.69903564453125,0.69903564453125,0.0,False
49,7,900049,9,1.0,135000,0.55,current-to-best/1/bin,0.3113979995250702,0.5514374375343323,0.05000000001701628,2.672733396291733,0.04170000180602074,0.005232964176684618,True,True,1,2,1.00213623046875,0.69903564453125,0.69903564453125,0.0,False
49,7,900049,10,1.0,150000,0.5,rand/1/bin,0.27851518988609314,0.5396431684494019,0.05000000147401501,0.34021624829620123,0.04169999808073044,0.0005696270382031798,True,True,2,0,0.08209228515625,0.69903564453125,0.08209228515625,0.9301969296900241,False
49,7,900049,11,1.0,165000,0.45,best/1/bin,0.6256226897239685,0.6038408875465393,0.05000000000882633,0.2513465240626829,0.04170000180602074,0.0033197125885635614,True,True,0,1,0.87396240234375,0.08209228515625,0.08209228515625,0.0,False
49,7,900049,12,1.0,180000,0.4,current-to-best/1/bin,0.44714146852493286,0.637148380279541,0.050000000000050046,2.8173511773347855,0.041700005531311035,0.00023942273401189595,True,True,1,2,0.21502685546875,0.08209228515625,0.08209228515625,0.0,False
49,7,900049,13,1.0,195000,0.35,rand/2/bin,0.15741920471191406,0.4874404966831207,0.050000000000695516,1.047276809811592,0.04170000180602074,0.0005889380699954927,True,True,2,3,0.09600830078125,0.08209228515625,0.08209228515625,0.0,False
49,7,900049,14,1.0,210000,0.3,best/1/bin,0.5359630584716797,0.32909777760505676,0.050000000000607434,1.2233300283551216,0.04170000180602074,0.004867520648986101,True,True,3,4,0.50091552734375,0.08209228515625,0.08209228515625,0.0,False
49,7,900049,15,1.0,225000,0.25,best/1/bin,0.5722407698631287,0.3304690420627594,0.05000000000000184,0.4755829256027937,0.04169999808073044,0.0035946157295256853,True,True,4,5,0.35333251953125,0.08209228515625,0.08209228515625,0.0,False
49,7,900049,16,1.0,240000,0.2,current-to-best/1/bin,0.7406060099601746,0.5449491739273071,0.050000000000565314,1.6191701963543892,0.04169999808073044,0.007475803606212139,True,True,5,6,0.99444580078125,0.08209228515625,0.08209228515625,0.0,False
49,7,900049,17,1.0,255000,0.15,current-to-best/1/bin,0.7044423222541809,0.35690003633499146,0.05000000000000606,1.341425821185112,0.04170000180602074,0.014431924559175968,True,True,6,7,1.48736572265625,0.08209228515625,0.08209228515625,0.0,False
49,7,900049,18,1.0,270000,0.1,current-to-best/1/bin,0.8346756100654602,0.32660484313964844,0.05000000000000706,0.9938896000385284,0.04170000180602074,0.031526703387498856,True,True,7,8,3.9716796875,0.08209228515625,0.08209228515625,0.0,False
49,7,900049,19,1.0,285000,0.05,current-to-best/1/bin,0.6821352243423462,0.22749806940555573,0.0500000000000045,0.5154163930565119,0.04170000180602074,0.019716758280992508,True,True,8,9,1.81390380859375,0.08209228515625,0.08209228515625,0.0,True
50,7,900050,1,1.0,15000,0.95,current-to-best/1/bin,0.9999354481697083,0.3112884759902954,0.05000000000215456,0.25006550448733833,0.060654234141111374,0.1956208199262619,True,False,0,0,57.90032958984375,84.4793701171875,57.90032958984375,-1.7626810359724439,False
50,7,900050,2,1.0,30000,0.9,rand/2/bin,0.23695190250873566,0.4380989372730255,0.0500000001547652,1.5266391411423683,0.2874201834201813,0.1202009990811348,False,True,0,0,24.6605224609375,57.90032958984375,24.6605224609375,0.37067876242151376,False
50,7,900050,3,1.0,45000,0.85,rand/2/bin,0.3179885149002075,0.48730772733688354,0.05000000000887292,0.4965625312179327,0.05968731269240379,0.05007239803671837,False,False,0,0,7.76422119140625,24.6605224609375,7.76422119140625,0.5019043736788025,False
50,7,900050,4,1.0,60000,0.8,rand/1/bin,0.25651055574417114,0.5312386155128479,0.05000000000130395,0.6221084669232368,0.04199066013097763,0.0024460486602038145,True,True,0,0,0.39874267578125,7.76422119140625,0.39874267578125,1.2894051700864542,False
50,7,900050,5,1.0,75000,0.75,best/1/bin,0.4338985085487366,0.48401716351509094,0.050000000000548016,0.2534199535730295,0.041700005531311035,0.0029207949992269278,True,True,0,1,1.11016845703125,0.39874267578125,0.39874267578125,0.0,False
50,7,900050,6,1.0,90000,0.7,rand/2/bin,0.23921722173690796,0.6702189445495605,0.050000000832820767,1.351092740893364,0.041700005531311035,0.0006991723203100264,True,True,1,0,0.10137939453125,0.39874267578125,0.10137939453125,0.5947429937914821,False
50,7,900050,7,1.0,105000,0.65,best/1/bin,0.6701326966285706,0.7059453129768372,0.050000000006961844,0.2986845267005265,0.04170000180602074,0.0011659327428787947,True,True,0,1,0.27386474609375,0.10137939453125,0.10137939453125,0.0,False
50,7,900050,8,1.0,120000,0.6,rand/2/bin,0.20160922408103943,0.6828015446662903,0.050000000003482266,1.2435028553009033,0.04170000180602074,0.0005751234130002558,True,True,1,2,0.11798095703125,0.10137939453125,0.10137939453125,0.0,False
50,7,900050,9,1.0,135000,0.55,best/1/bin,0.47313135862350464,0.44564953446388245,0.05000000000115973,1.4482379406690598,0.04169999808073044,8.002964750630781e-05,True,True,2,3,0.27227783203125,0.10137939453125,0.10137939453125,0.0,False
50,7,900050,10,1.0,150000,0.5,best/1/bin,0.49517935514450073,0.3392048478126526,0.05000000000073048,0.7001440599560738,0.04169999808073044,0.0038727368228137493,True,True,3,4,0.85357666015625,0.10137939453125,0.10137939453125,0.0,False
50,7,900050,11,1.0,165000,0.45,current-to-best/1/bin,0.6584386229515076,0.6279947757720947,0.050000000000183384,2.272789344191551,0.04169999808073044,0.002318782266229391,True,True,4,5,0.42010498046875,0.10137939453125,0.10137939453125,0.0,False
50,7,900050,12,1.0,180000,0.4,rand/2/bin,0.16642583906650543,0.6790831685066223,0.05000000000000003,0.32355405390262604,0.04170000180602074,0.00018188536341767758,True,True,5,0,0.056640625,0.10137939453125,0.056640625,0.1528216223956332,False
50,7,900050,13,1.0,195000,0.35,rand/2/bin,0.14179226756095886,0.557327389717102,0.05000000003664725,0.5554741751402617,0.04170000180602074,0.0005182692548260093,True,True,0,1,0.0902099609375,0.056640625,0.056640625,0.0,False
50,7,900050,14,1.0,210000,0.3,best/1/bin,0.5427599549293518,0.3625095784664154,0.05000000041658722,1.4351268038153648,0.041700005531311035,0.0014416421763598919,True,True,1,2,0.20050048828125,0.056640625,0.056640625,0.0,False
50,7,900050,15,1.0,225000,0.25,best/1/bin,0.5733575820922852,0.33499816060066223,0.050000000000079974,0.4855247065424919,0.04169999808073044,0.002319078426808119,True,True,2,3,0.34820556640625,0.056640625,0.056640625,0.0,False
50,7,900050,16,1.0,240000,0.2,current-to-best/1/bin,0.7549315094947815,0.4946690797805786,0.050000000001256706,1.8477163165807724,0.04170000180602074,0.010872270911931992,True,True,3,4,1.2452392578125,0.056640625,0.056640625,0.0,False
50,7,900050,17,1.0,255000,0.15,rand/1/bin,0.1989031285047531,0.5351284146308899,0.050000000000139266,0.2566936783841811,0.04169999808073044,0.0009459459106437862,True,True,4,5,0.24407958984375,0.056640625,0.056640625,0.0,False
50,7,900050,18,1.0,270000,0.1,current-to-best/1/bin,0.9137844443321228,0.4158037304878235,0.05000000000000068,1.3969380781054497,0.04169999808073044,0.04224651679396629,True,True,5,6,6.427734375,0.056640625,0.056640625,0.0,False
50,7,900050,19,1.0,285000,0.05,current-to-best/1/bin,0.1631655991077423,0.32638677954673767,0.05000000000501221,0.6327384561300278,0.04170000180602074,0.023201918229460716,True,True,6,7,1.9232177734375,0.056640625,0.056640625,0.0,True
